# 	 DM 	 SNR 	 Arrival Time (sec)
1 	 23.18 	 5.04 	 1.9608
2 	 16.71 	 5.11 	 2.7997
3 	 25.87 	 6.91 	 2.8312
4 	 25.87 	 15.07 	 3.5022
5 	 31.26 	 5.24 	 2.2440
6 	 5.39 	 5.05 	 4.7710
7 	 25.87 	 14.51 	 4.2572
8 	 38.81 	 5.22 	 4.0894
9 	 11.32 	 5.18 	 5.8196
10 	 25.87 	 11.46 	 4.9912
11 	 26.41 	 8.99 	 4.9807
12 	 25.87 	 18.22 	 5.6833
13 	 49.05 	 5.19 	 5.2324
14 	 129.91 	 5.03 	 5.8615
15 	 26.95 	 5.53 	 5.2639
16 	 36.66 	 5.47 	 5.0961
17 	 16.17 	 5.06 	 6.8262
18 	 18.87 	 5.10 	 8.8395
19 	 211.31 	 5.29 	 8.3467
20 	 245.81 	 5.10 	 8.6822
21 	 22.64 	 5.02 	 9.5525
22 	 28.03 	 5.28 	 9.8776
23 	 204.84 	 5.01 	 9.6888
24 	 308.34 	 5.30 	 9.6888
25 	 9.16 	 5.56 	 11.1883
26 	 16.17 	 5.41 	 10.8108
27 	 25.87 	 17.52 	 10.6955
28 	 24.80 	 7.46 	 10.6850
29 	 26.41 	 13.60 	 10.6850
30 	 25.87 	 25.24 	 11.3875
31 	 28.03 	 9.25 	 10.6850
32 	 28.57 	 5.06 	 11.2302
33 	 46.90 	 6.05 	 10.8947
34 	 97.03 	 5.51 	 10.3599
35 	 134.76 	 5.26 	 10.5487
36 	 14.55 	 5.06 	 12.6563
37 	 25.87 	 7.08 	 12.1425
38 	 26.95 	 7.05 	 12.8136
39 	 123.98 	 5.36 	 12.1949
40 	 95.95 	 5.16 	 12.4781
41 	 278.15 	 5.02 	 12.5410
42 	 407.52 	 5.01 	 12.7087
43 	 25.87 	 14.47 	 13.5476
44 	 25.87 	 17.00 	 13.5686
45 	 26.41 	 14.51 	 13.5371
46 	 25.87 	 10.79 	 14.2397
47 	 29.65 	 5.15 	 13.5791
48 	 35.58 	 5.17 	 14.1558
49 	 83.01 	 5.19 	 13.5791
50 	 94.33 	 5.09 	 14.2501
51 	 113.74 	 5.19 	 13.7468
52 	 8.09 	 5.76 	 14.5018
53 	 10.78 	 5.01 	 14.4599
54 	 25.87 	 12.43 	 14.9108
55 	 86.25 	 5.06 	 14.5752
56 	 141.23 	 5.00 	 14.8269
57 	 191.90 	 5.49 	 14.5542
58 	 34.50 	 5.14 	 14.2187
59 	 58.22 	 5.32 	 14.2187
60 	 26.41 	 6.50 	 15.7182
61 	 28.03 	 5.14 	 16.2529
62 	 204.84 	 5.02 	 15.9174
63 	 25.87 	 9.49 	 17.0918
64 	 26.41 	 8.70 	 17.1023
65 	 98.11 	 5.51 	 17.8992
66 	 121.83 	 5.27 	 17.6475
67 	 115.36 	 5.19 	 17.3434
68 	 164.95 	 5.02 	 18.0145
69 	 12.40 	 5.14 	 18.6122
70 	 25.87 	 8.59 	 19.2728
71 	 56.06 	 5.45 	 18.4130
72 	 38.81 	 5.06 	 20.1641
73 	 42.05 	 5.54 	 20.1222
74 	 26.95 	 5.09 	 19.9439
75 	 188.67 	 5.09 	 19.8600
76 	 23.72 	 5.02 	 20.5940
77 	 284.62 	 5.04 	 20.5940
78 	 16.17 	 5.01 	 21.9257
79 	 17.25 	 5.59 	 21.3805
80 	 25.87 	 19.38 	 21.2651
81 	 26.41 	 14.38 	 21.4224
82 	 25.87 	 30.52 	 22.1250
83 	 33.42 	 6.57 	 22.2088
84 	 185.43 	 5.33 	 21.7055
85 	 25.87 	 13.87 	 22.7960
86 	 26.41 	 11.48 	 22.8485
87 	 46.36 	 5.07 	 23.4357
88 	 97.03 	 5.05 	 22.9638
89 	 278.15 	 5.18 	 22.4395
90 	 16.17 	 5.28 	 24.3060
91 	 16.17 	 5.75 	 24.2745
92 	 19.41 	 5.04 	 24.2326
93 	 25.87 	 18.25 	 24.9771
94 	 25.87 	 19.15 	 24.2850
95 	 26.41 	 13.77 	 24.9876
96 	 51.75 	 5.81 	 24.2745
97 	 25.87 	 20.40 	 25.6482
98 	 26.95 	 7.72 	 26.4136
99 	 108.89 	 5.01 	 25.6167
100 	 32.34 	 5.47 	 25.5643
101 	 117.51 	 5.75 	 26.0676
102 	 254.43 	 5.02 	 25.2287
103 	 268.45 	 5.08 	 25.3965
104 	 49.59 	 5.18 	 25.9627
105 	 140.15 	 5.01 	 26.1305
106 	 11.32 	 5.97 	 27.5041
107 	 48.51 	 5.13 	 26.9589
108 	 146.62 	 5.24 	 26.6338
109 	 9.16 	 5.83 	 29.0141
110 	 25.87 	 20.43 	 28.5003
111 	 26.41 	 16.82 	 28.5527
112 	 25.87 	 28.71 	 29.1504
113 	 25.87 	 31.19 	 29.2553
114 	 25.87 	 14.99 	 29.9264
115 	 37.73 	 5.27 	 30.1780
116 	 40.97 	 5.44 	 29.1819
117 	 45.82 	 5.38 	 29.6013
118 	 57.14 	 5.06 	 29.8530
119 	 75.47 	 5.28 	 30.1570
120 	 87.33 	 5.16 	 30.3143
121 	 12.94 	 5.13 	 29.6747
122 	 71.15 	 5.19 	 29.1714
123 	 103.50 	 5.20 	 29.8425
124 	 241.49 	 5.37 	 29.1714
125 	 245.81 	 5.13 	 29.9893
126 	 25.87 	 8.20 	 30.6604
127 	 30.19 	 5.08 	 31.4049
128 	 56.06 	 5.02 	 30.4821
129 	 77.62 	 5.39 	 30.8281
130 	 14.02 	 5.14 	 32.4534
131 	 15.09 	 5.41 	 32.0759
132 	 16.71 	 5.14 	 32.8729
133 	 25.87 	 10.13 	 32.1074
134 	 25.87 	 31.99 	 32.7785
135 	 31.80 	 5.24 	 32.8309
136 	 97.57 	 5.07 	 31.9501
137 	 43.12 	 5.10 	 32.6736
138 	 159.56 	 5.02 	 32.8414
139 	 9.16 	 5.05 	 33.5020
140 	 11.32 	 5.10 	 33.5859
141 	 25.87 	 18.21 	 33.5335
142 	 25.87 	 6.50 	 34.2045
143 	 28.57 	 6.01 	 33.5859
144 	 41.51 	 5.07 	 33.3342
145 	 198.37 	 5.11 	 34.3723
146 	 217.78 	 5.97 	 34.1836
147 	 321.27 	 5.00 	 33.6803
148 	 10.78 	 5.42 	 34.7603
149 	 25.87 	 11.23 	 34.9595
150 	 25.87 	 14.32 	 35.7145
151 	 25.87 	 26.37 	 36.3646
152 	 25.87 	 32.48 	 36.3856
153 	 26.41 	 11.84 	 37.1510
154 	 42.05 	 6.04 	 36.9833
155 	 70.08 	 5.47 	 36.3541
156 	 75.47 	 5.40 	 35.8508
157 	 78.70 	 5.16 	 36.1864
158 	 8.62 	 5.46 	 37.2349
159 	 11.86 	 5.00 	 37.3608
160 	 72.23 	 5.34 	 38.0633
161 	 157.40 	 5.23 	 38.2311
162 	 56.06 	 5.16 	 37.8746
163 	 122.90 	 5.08 	 37.2035
164 	 25.87 	 7.69 	 38.5666
165 	 25.87 	 12.68 	 39.2377
166 	 36.66 	 5.15 	 39.3216
167 	 463.58 	 5.18 	 38.5457
168 	 13.48 	 5.32 	 40.8001
169 	 26.95 	 8.17 	 39.9927
170 	 72.77 	 5.30 	 40.0871
171 	 85.71 	 5.18 	 40.6323
172 	 43.12 	 5.17 	 40.0556
173 	 9.16 	 5.33 	 41.9745
174 	 25.87 	 28.86 	 42.0898
175 	 25.87 	 18.73 	 41.4188
176 	 26.41 	 22.47 	 42.1423
177 	 65.23 	 5.16 	 42.1423
178 	 69.00 	 5.36 	 41.9221
179 	 128.83 	 5.12 	 41.3873
180 	 63.61 	 5.26 	 41.8382
181 	 95.95 	 5.12 	 42.0060
182 	 160.64 	 5.13 	 41.3349
183 	 25.87 	 5.46 	 42.7400
184 	 25.87 	 5.07 	 43.5159
185 	 94.87 	 5.08 	 43.1804
186 	 56.06 	 5.03 	 43.4110
187 	 465.74 	 5.99 	 43.0755
188 	 545.52 	 5.04 	 42.4044
189 	 25.87 	 6.42 	 44.2709
190 	 25.87 	 17.74 	 44.9420
191 	 31.26 	 5.15 	 44.9944
192 	 94.87 	 5.08 	 43.9144
193 	 124.52 	 5.43 	 44.1975
194 	 152.01 	 5.34 	 45.0259
195 	 25.87 	 15.22 	 45.5921
196 	 25.87 	 16.83 	 45.6969
197 	 41.51 	 5.32 	 45.8333
198 	 127.22 	 5.63 	 46.0954
199 	 25.87 	 5.09 	 46.3680
200 	 18.87 	 5.13 	 46.8818
201 	 25.87 	 15.38 	 47.1230
202 	 25.87 	 16.36 	 47.7941
203 	 28.03 	 5.40 	 47.8465
204 	 51.21 	 5.36 	 47.3851
205 	 127.22 	 5.28 	 47.5110
206 	 22.64 	 5.18 	 47.1230
207 	 213.46 	 5.18 	 47.7102
208 	 255.51 	 5.02 	 47.2069
209 	 77.62 	 5.01 	 47.1020
210 	 5.93 	 5.13 	 48.6854
211 	 25.87 	 9.69 	 48.5491
212 	 166.03 	 5.21 	 48.4652
213 	 11.32 	 5.13 	 50.0276
214 	 25.87 	 13.50 	 49.9751
215 	 25.87 	 5.72 	 49.2831
216 	 29.11 	 5.62 	 49.9856
217 	 83.55 	 5.03 	 50.1534
218 	 79.78 	 5.02 	 49.2202
219 	 162.79 	 5.00 	 50.3946
220 	 25.87 	 11.80 	 50.6462
221 	 26.41 	 10.77 	 50.6986
222 	 25.87 	 12.43 	 51.4012
223 	 53.37 	 5.08 	 51.0761
224 	 82.47 	 5.16 	 51.5375
225 	 128.29 	 5.05 	 51.1181
226 	 291.09 	 5.11 	 50.4575
227 	 25.87 	 9.65 	 52.0723
228 	 25.87 	 13.27 	 52.8273
229 	 33.42 	 5.24 	 52.3344
230 	 119.67 	 5.13 	 52.9111
231 	 258.74 	 5.33 	 52.5756
232 	 20.48 	 5.10 	 53.5088
233 	 25.87 	 5.27 	 54.2533
234 	 53.37 	 5.09 	 54.0960
235 	 130.45 	 5.09 	 54.2219
236 	 25.87 	 31.17 	 55.0083
237 	 25.87 	 28.29 	 55.6794
238 	 42.58 	 5.02 	 55.9415
239 	 46.36 	 5.03 	 55.6899
240 	 47.98 	 5.58 	 55.1027
241 	 84.09 	 5.20 	 54.9349
242 	 21.56 	 5.72 	 54.9244
243 	 114.28 	 5.11 	 54.8196
244 	 306.18 	 5.09 	 55.3229
245 	 360.09 	 5.17 	 55.6584
246 	 25.87 	 7.22 	 56.3295
247 	 50.13 	 5.09 	 56.8643
248 	 69.00 	 5.22 	 57.0740
249 	 80.86 	 5.03 	 56.3610
250 	 94.33 	 5.32 	 56.8223
251 	 111.04 	 5.09 	 56.6546
252 	 42.05 	 5.14 	 56.5182
253 	 334.21 	 5.22 	 57.0006
254 	 388.12 	 5.09 	 56.4973
255 	 8.09 	 5.14 	 57.5773
256 	 25.87 	 7.81 	 57.8604
257 	 25.87 	 15.49 	 58.5315
258 	 36.66 	 5.12 	 57.8709
259 	 88.40 	 5.14 	 57.3256
260 	 33.42 	 5.14 	 57.8604
261 	 25.87 	 14.78 	 59.2865
262 	 26.41 	 14.44 	 59.2970
263 	 51.75 	 5.72 	 59.0453
264 	 77.08 	 5.53 	 58.7937
265 	 259.82 	 5.05 	 58.6993
266 	 263.06 	 5.05 	 58.7832
267 	 228.56 	 5.31 	 59.6849
268 	 470.05 	 5.16 	 59.0139
269 	 25.87 	 11.21 	 60.7126
270 	 24.80 	 5.31 	 59.9576
271 	 188.67 	 5.40 	 61.2159
272 	 11.32 	 5.31 	 62.0652
273 	 13.48 	 5.01 	 62.6524
274 	 17.25 	 5.14 	 62.5685
275 	 19.41 	 5.03 	 62.4008
276 	 25.87 	 12.94 	 61.3836
277 	 25.87 	 25.80 	 62.1386
278 	 28.57 	 6.32 	 62.1491
279 	 33.42 	 5.17 	 61.9813
280 	 92.18 	 5.05 	 62.0233
281 	 121.29 	 5.33 	 62.6524
282 	 25.87 	 30.35 	 62.8097
283 	 25.87 	 9.23 	 63.5647
284 	 119.67 	 5.26 	 62.7258
285 	 35.58 	 5.13 	 62.8936
286 	 140.15 	 5.01 	 63.1452
287 	 25.87 	 16.90 	 64.8859
288 	 25.87 	 9.00 	 64.2358
289 	 25.87 	 19.64 	 64.9907
290 	 38.27 	 5.40 	 65.3368
291 	 91.10 	 5.00 	 65.1690
292 	 102.42 	 5.52 	 64.4874
293 	 181.12 	 5.64 	 64.5713
294 	 198.37 	 5.06 	 64.5503
295 	 8.62 	 5.39 	 65.5045
296 	 46.90 	 5.10 	 65.3787
297 	 25.87 	 5.30 	 66.4168
298 	 25.87 	 9.30 	 67.0879
299 	 25.87 	 6.83 	 67.7380
300 	 39.89 	 5.10 	 66.9201
301 	 61.45 	 5.37 	 67.6751
302 	 25.87 	 30.10 	 68.5140
303 	 25.87 	 25.01 	 69.2689
304 	 29.65 	 6.45 	 68.6083
305 	 25.87 	 8.10 	 69.9400
306 	 26.41 	 5.04 	 70.7055
307 	 47.44 	 5.41 	 69.9400
308 	 83.01 	 5.12 	 69.3528
309 	 114.28 	 5.79 	 69.5835
310 	 9.16 	 5.01 	 71.7121
311 	 16.17 	 5.35 	 71.0830
312 	 25.87 	 9.18 	 71.4290
313 	 31.80 	 5.29 	 71.4185
314 	 75.47 	 5.10 	 70.9571
315 	 73.31 	 5.22 	 71.7645
316 	 323.43 	 5.12 	 70.7579
317 	 18.33 	 5.24 	 72.6349
318 	 25.87 	 22.31 	 72.7712
319 	 25.87 	 25.39 	 72.1211
320 	 26.41 	 19.40 	 72.1315
321 	 25.87 	 25.38 	 72.7921
322 	 164.95 	 5.07 	 73.2955
323 	 36.66 	 5.69 	 72.1001
324 	 17.25 	 5.04 	 74.7320
325 	 25.87 	 16.71 	 73.4423
326 	 25.87 	 17.38 	 73.5471
327 	 25.87 	 7.64 	 74.2182
328 	 28.57 	 5.53 	 74.2706
329 	 62.53 	 5.22 	 73.9666
330 	 169.26 	 5.10 	 74.2182
331 	 9.70 	 5.08 	 75.5709
332 	 89.48 	 5.05 	 75.9798
333 	 25.87 	 13.21 	 76.3992
334 	 26.95 	 6.45 	 77.1542
335 	 30.19 	 5.76 	 76.3992
336 	 30.19 	 5.30 	 76.4097
337 	 74.39 	 5.52 	 77.0389
338 	 115.36 	 5.19 	 76.3154
339 	 23.72 	 5.68 	 77.1542
340 	 278.15 	 5.45 	 76.2944
341 	 8.09 	 5.08 	 77.6261
342 	 10.78 	 5.35 	 77.7519
343 	 14.02 	 5.02 	 78.3391
344 	 17.79 	 5.22 	 77.6680
345 	 25.87 	 29.60 	 77.8253
346 	 25.87 	 21.62 	 78.5803
347 	 26.41 	 22.45 	 77.8358
348 	 26.41 	 18.80 	 78.5908
349 	 29.65 	 5.15 	 77.8777
350 	 33.96 	 5.17 	 78.0455
351 	 19.41 	 5.47 	 80.0063
352 	 25.87 	 10.94 	 79.2514
353 	 59.83 	 5.26 	 79.8071
354 	 66.30 	 5.21 	 80.1007
355 	 78.16 	 5.37 	 79.3457
356 	 84.09 	 5.28 	 79.6708
357 	 107.81 	 5.14 	 78.8319
358 	 200.53 	 5.09 	 79.7547
359 	 25.87 	 6.23 	 80.6774
360 	 76.01 	 5.12 	 81.0654
361 	 175.73 	 5.02 	 80.2580
362 	 8.09 	 5.04 	 82.3237
363 	 10.78 	 5.12 	 81.8204
364 	 74.93 	 5.05 	 82.7431
365 	 96.49 	 5.22 	 81.7365
366 	 208.07 	 5.01 	 82.6907
367 	 25.87 	 5.14 	 81.9986
368 	 25.87 	 21.28 	 82.8375
369 	 25.87 	 23.60 	 82.8585
370 	 25.87 	 7.19 	 83.5296
371 	 45.28 	 5.04 	 82.9424
372 	 45.28 	 5.25 	 83.9490
373 	 9.70 	 5.45 	 84.7983
374 	 25.87 	 23.42 	 84.9556
375 	 57.14 	 5.06 	 84.2950
376 	 101.34 	 5.53 	 85.3017
377 	 30.19 	 5.01 	 84.7879
378 	 78.70 	 5.01 	 84.8717
379 	 183.28 	 5.09 	 84.7879
380 	 16.71 	 5.40 	 86.3922
381 	 25.87 	 14.39 	 86.3817
382 	 25.87 	 21.90 	 85.7106
383 	 111.58 	 5.23 	 86.1405
384 	 10.78 	 5.17 	 85.7106
385 	 32.34 	 5.04 	 85.7106
386 	 33.42 	 5.33 	 86.4656
387 	 56.06 	 5.24 	 85.3541
388 	 25.87 	 15.52 	 87.8707
389 	 25.87 	 24.49 	 87.0318
390 	 25.87 	 15.69 	 87.8078
391 	 32.34 	 5.66 	 87.1367
392 	 70.08 	 5.22 	 87.9860
393 	 73.31 	 5.10 	 87.3149
394 	 37.73 	 5.21 	 87.8916
395 	 79.78 	 5.21 	 87.0528
396 	 321.27 	 5.36 	 87.1996
397 	 401.05 	 5.12 	 87.8707
398 	 10.24 	 5.10 	 88.9507
399 	 25.87 	 14.70 	 88.5627
400 	 25.87 	 11.66 	 89.2338
401 	 28.03 	 6.61 	 88.5732
402 	 28.03 	 5.02 	 89.2862
403 	 56.60 	 5.14 	 89.1185
404 	 83.55 	 5.01 	 88.7410
405 	 5.93 	 5.16 	 90.1251
406 	 13.48 	 5.15 	 90.1251
407 	 25.87 	 22.38 	 89.9888
408 	 26.41 	 18.69 	 89.9993
409 	 25.87 	 15.94 	 90.6599
410 	 31.80 	 5.16 	 90.0832
411 	 35.58 	 5.12 	 89.6532
412 	 100.26 	 5.20 	 89.8210
413 	 135.84 	 5.27 	 89.3806
414 	 25.87 	 32.08 	 91.4149
415 	 25.87 	 25.58 	 92.0859
416 	 30.19 	 5.65 	 92.0859
417 	 46.36 	 5.06 	 91.7504
418 	 25.87 	 14.15 	 90.7228
419 	 435.55 	 5.52 	 91.0583
420 	 15.09 	 5.19 	 93.0192
421 	 17.79 	 5.51 	 92.2223
422 	 33.96 	 5.26 	 92.3900
423 	 46.90 	 5.40 	 92.8514
424 	 60.91 	 5.03 	 93.2708
425 	 89.48 	 5.00 	 93.3547
426 	 183.28 	 5.09 	 92.9248
427 	 260.90 	 5.20 	 92.7570
428 	 264.13 	 5.05 	 92.8409
429 	 25.87 	 15.59 	 93.5120
430 	 25.87 	 21.13 	 94.2670
431 	 51.21 	 5.04 	 93.7322
432 	 57.68 	 5.07 	 94.4452
433 	 61.45 	 5.13 	 94.0992
434 	 14.02 	 5.53 	 96.1230
435 	 25.87 	 8.24 	 95.6930
436 	 69.54 	 5.16 	 94.9905
437 	 233.95 	 5.31 	 95.7769
438 	 51.75 	 5.01 	 95.4204
439 	 64.69 	 5.31 	 95.5882
440 	 398.90 	 5.72 	 94.7493
441 	 13.48 	 5.09 	 97.2135
442 	 25.87 	 37.92 	 97.0981
443 	 22.64 	 5.78 	 97.0877
444 	 25.87 	 23.83 	 96.4480
445 	 25.87 	 41.97 	 97.1191
446 	 54.98 	 5.34 	 97.3813
447 	 60.37 	 5.21 	 97.4651
448 	 71.69 	 5.36 	 96.5004
449 	 32.34 	 5.12 	 97.1191
450 	 36.66 	 5.07 	 97.2030
451 	 92.72 	 5.15 	 96.5948
452 	 9.16 	 5.35 	 98.7654
453 	 25.87 	 17.22 	 97.8741
454 	 26.41 	 14.07 	 97.8426
455 	 35.04 	 5.34 	 97.8846
456 	 26.95 	 5.54 	 99.3001
457 	 161.72 	 5.18 	 99.4679
458 	 32.34 	 5.45 	 100.9884
459 	 34.50 	 5.35 	 100.9045
460 	 49.05 	 5.24 	 100.7786
461 	 50.67 	 5.15 	 101.3239
462 	 124.52 	 5.18 	 100.4431
463 	 23.72 	 5.38 	 100.3907
464 	 385.96 	 5.07 	 100.1180
465 	 37.73 	 5.07 	 102.7395
466 	 81.94 	 5.08 	 101.7958
467 	 429.08 	 5.06 	 102.2991
468 	 16.71 	 5.08 	 104.2599
469 	 53.91 	 5.51 	 103.9978
470 	 94.33 	 5.09 	 103.6308
471 	 119.13 	 5.38 	 104.0502
472 	 411.83 	 5.87 	 103.9768
473 	 11.32 	 5.04 	 104.9310
474 	 25.87 	 17.66 	 104.2494
475 	 25.87 	 19.87 	 104.9834
476 	 85.71 	 5.14 	 105.3924
477 	 17.25 	 5.09 	 104.8366
478 	 30.19 	 5.04 	 104.2494
479 	 56.06 	 5.14 	 105.1722
480 	 132.61 	 5.04 	 105.3399
481 	 184.36 	 5.27 	 105.0044
482 	 25.87 	 20.42 	 105.6755
483 	 25.87 	 20.59 	 106.4305
484 	 28.57 	 5.36 	 105.7279
485 	 107.81 	 5.04 	 106.9023
486 	 129.37 	 5.07 	 105.9271
487 	 36.66 	 5.40 	 106.4934
488 	 17.79 	 5.13 	 107.2798
489 	 17.79 	 5.02 	 108.2026
490 	 25.87 	 10.38 	 107.1016
491 	 28.57 	 5.27 	 107.0282
492 	 31.80 	 5.01 	 107.3637
493 	 71.15 	 5.01 	 107.3532
494 	 134.76 	 5.11 	 108.1921
495 	 10.78 	 5.17 	 109.5867
496 	 15.63 	 5.13 	 109.4189
497 	 18.33 	 5.07 	 109.1672
498 	 25.87 	 8.86 	 108.5066
499 	 25.87 	 13.67 	 109.2826
500 	 29.65 	 5.78 	 109.2931
501 	 72.23 	 5.26 	 109.2511
502 	 72.23 	 5.45 	 109.6286
503 	 105.11 	 5.06 	 109.2931
504 	 127.22 	 5.04 	 108.6220
505 	 10.78 	 5.20 	 109.7020
506 	 25.87 	 31.90 	 110.7087
507 	 25.87 	 28.85 	 109.9537
508 	 26.41 	 28.61 	 110.7191
509 	 30.19 	 5.24 	 110.0061
510 	 32.34 	 5.79 	 110.7925
511 	 109.97 	 5.47 	 109.7020
512 	 73.31 	 5.54 	 110.3521
513 	 64.69 	 5.27 	 110.8555
514 	 141.23 	 5.12 	 112.2186
515 	 161.72 	 5.04 	 111.2959
516 	 223.17 	 5.23 	 111.5475
517 	 135.84 	 5.22 	 111.3588
518 	 11.32 	 5.14 	 112.6066
519 	 11.32 	 5.14 	 113.6132
520 	 25.87 	 9.40 	 113.5608
521 	 100.26 	 5.30 	 112.3969
522 	 32.34 	 5.14 	 112.8687
523 	 295.40 	 5.10 	 112.3654
524 	 373.02 	 5.02 	 113.0365
525 	 57.14 	 5.52 	 114.1165
526 	 12.40 	 5.74 	 115.8362
527 	 26.41 	 5.72 	 115.7104
528 	 30.19 	 5.11 	 115.4587
529 	 43.66 	 5.41 	 115.3329
530 	 244.73 	 5.05 	 115.3224
531 	 25.87 	 14.70 	 116.3919
532 	 25.87 	 25.65 	 117.0630
533 	 29.11 	 5.15 	 117.5978
534 	 85.71 	 5.28 	 117.5559
535 	 104.58 	 5.01 	 117.5873
536 	 84.09 	 5.09 	 116.2242
537 	 9.16 	 5.09 	 118.6883
538 	 10.78 	 5.18 	 118.8980
539 	 25.87 	 24.54 	 117.7341
540 	 25.87 	 14.69 	 118.5939
541 	 26.95 	 17.84 	 117.8495
542 	 29.65 	 5.92 	 117.8495
543 	 39.89 	 5.02 	 117.9229
544 	 25.87 	 37.40 	 119.2441
545 	 25.87 	 22.25 	 120.0200
546 	 25.87 	 40.75 	 119.2650
547 	 26.41 	 19.83 	 119.9886
548 	 30.73 	 5.27 	 120.0305
549 	 31.26 	 5.36 	 119.3594
550 	 39.35 	 5.68 	 119.1077
551 	 36.66 	 5.15 	 119.4328
552 	 42.05 	 5.01 	 119.7683
553 	 519.64 	 5.04 	 120.0829
554 	 5.93 	 5.37 	 120.9952
555 	 11.86 	 5.31 	 121.0371
556 	 25.87 	 8.32 	 121.4461
557 	 25.87 	 6.47 	 120.5862
558 	 72.23 	 5.17 	 121.4461
559 	 84.09 	 5.05 	 121.3622
560 	 11.32 	 5.42 	 122.8826
561 	 25.87 	 5.60 	 122.1172
562 	 25.87 	 27.57 	 122.8721
563 	 40.43 	 5.40 	 122.0018
564 	 62.53 	 5.75 	 121.8340
565 	 21.56 	 5.01 	 122.8721
566 	 25.87 	 19.45 	 123.5432
567 	 25.87 	 13.18 	 124.2982
568 	 45.28 	 5.02 	 123.0399
569 	 233.95 	 5.08 	 123.0399
570 	 12.40 	 5.19 	 124.9378
571 	 25.87 	 12.63 	 124.9483
572 	 25.87 	 14.94 	 124.9693
573 	 26.41 	 12.95 	 125.7347
574 	 38.81 	 5.15 	 124.2772
575 	 127.22 	 5.02 	 124.2772
576 	 183.28 	 5.05 	 124.9483
577 	 25.87 	 22.14 	 126.3954
578 	 26.41 	 16.48 	 126.4478
579 	 29.65 	 5.09 	 126.4478
580 	 83.55 	 5.08 	 126.0283
581 	 40.97 	 5.36 	 126.7309
582 	 45.28 	 5.21 	 126.8987
583 	 186.51 	 5.45 	 125.8081
584 	 208.07 	 5.30 	 126.8987
585 	 53.91 	 5.44 	 125.7872
586 	 8.62 	 5.62 	 127.4964
587 	 17.25 	 5.37 	 128.2933
588 	 25.87 	 31.54 	 127.1503
589 	 30.19 	 5.24 	 127.2028
590 	 58.22 	 5.22 	 127.9158
591 	 81.94 	 5.15 	 128.2094
592 	 28.03 	 5.15 	 127.6536
593 	 40.97 	 5.27 	 127.8214
594 	 43.12 	 5.13 	 127.4020
595 	 500.24 	 5.12 	 126.9616
596 	 25.87 	 10.17 	 129.2475
597 	 97.03 	 5.08 	 129.5516
598 	 19.41 	 5.03 	 128.6603
599 	 25.87 	 5.53 	 128.4715
600 	 106.73 	 5.12 	 129.0797
601 	 51.75 	 5.33 	 128.3038
602 	 25.87 	 17.11 	 129.9815
603 	 25.87 	 21.35 	 130.0025
604 	 26.41 	 16.96 	 130.0129
605 	 54.44 	 5.19 	 129.9291
606 	 74.39 	 5.20 	 130.6735
607 	 25.87 	 6.70 	 132.1625
608 	 86.25 	 5.01 	 131.9843
609 	 15.63 	 5.39 	 133.7878
610 	 25.87 	 7.49 	 133.5257
611 	 25.87 	 5.63 	 132.8336
612 	 31.26 	 5.03 	 133.3579
613 	 48.51 	 5.03 	 132.5190
614 	 18.87 	 5.01 	 133.9136
615 	 25.87 	 21.47 	 134.9517
616 	 25.87 	 5.49 	 133.8298
617 	 26.41 	 18.58 	 135.0042
618 	 56.06 	 5.19 	 134.1758
619 	 183.28 	 5.00 	 134.1129
620 	 388.12 	 5.49 	 133.6725
621 	 495.93 	 5.65 	 133.8402
622 	 19.41 	 5.24 	 135.7172
623 	 25.87 	 20.10 	 135.7067
624 	 25.87 	 13.04 	 136.3778
625 	 29.65 	 5.40 	 136.4722
626 	 59.30 	 5.17 	 136.3778
627 	 25.87 	 17.60 	 135.0146
628 	 15.09 	 5.10 	 137.3949
629 	 16.17 	 5.07 	 136.7238
630 	 25.87 	 17.64 	 137.1328
631 	 31.26 	 5.61 	 137.2167
632 	 123.44 	 5.19 	 136.7658
633 	 146.62 	 5.18 	 137.5522
634 	 246.89 	 5.57 	 136.7133
635 	 426.93 	 5.33 	 137.1957
636 	 10.24 	 5.22 	 139.0726
637 	 11.32 	 5.25 	 138.7371
638 	 25.87 	 8.35 	 138.5379
639 	 25.87 	 20.56 	 137.8877
640 	 25.87 	 10.51 	 138.5588
641 	 19.41 	 5.14 	 137.8039
642 	 15.09 	 5.06 	 140.3729
643 	 25.87 	 10.42 	 139.8800
644 	 24.26 	 5.38 	 140.1212
645 	 25.87 	 10.83 	 139.3138
646 	 26.41 	 7.93 	 139.9954
647 	 40.97 	 5.20 	 139.1985
648 	 73.31 	 5.10 	 140.4043
649 	 53.91 	 5.16 	 140.0478
650 	 25.87 	 26.98 	 140.7189
651 	 25.87 	 36.07 	 141.3900
652 	 26.41 	 18.22 	 140.7084
653 	 25.87 	 39.20 	 141.4110
654 	 30.19 	 5.46 	 140.7504
655 	 47.44 	 5.31 	 141.2956
656 	 57.68 	 5.14 	 141.2117
657 	 104.04 	 5.27 	 141.0859
658 	 33.42 	 5.80 	 141.4948
659 	 42.05 	 5.23 	 140.7399
660 	 25.87 	 8.88 	 142.1659
661 	 25.87 	 12.87 	 142.8370
662 	 26.41 	 8.22 	 142.1764
663 	 26.41 	 11.58 	 142.8895
664 	 60.91 	 5.07 	 142.7636
665 	 49.59 	 5.11 	 142.9209
666 	 215.62 	 5.30 	 141.8933
667 	 60.37 	 5.06 	 142.0611
668 	 306.18 	 5.02 	 142.8999
669 	 362.24 	 5.04 	 141.7255
670 	 23.72 	 5.12 	 143.6444
671 	 38.81 	 5.01 	 144.1792
672 	 252.28 	 5.10 	 143.7388
673 	 12.94 	 5.31 	 144.6930
674 	 16.71 	 5.11 	 145.1544
675 	 25.87 	 10.89 	 145.5843
676 	 49.59 	 5.03 	 145.6157
677 	 9.16 	 5.13 	 146.0352
678 	 12.40 	 5.22 	 145.9093
679 	 25.87 	 31.96 	 147.1152
680 	 25.87 	 7.53 	 146.4441
681 	 26.41 	 24.92 	 147.1676
682 	 30.19 	 5.78 	 147.2096
683 	 37.19 	 5.09 	 146.4127
684 	 74.39 	 5.07 	 145.9932
685 	 134.76 	 5.21 	 146.9474
686 	 16.17 	 5.29 	 147.7129
687 	 18.33 	 5.08 	 147.7129
688 	 18.33 	 5.08 	 148.4259
689 	 25.87 	 40.47 	 147.8702
690 	 44.20 	 5.25 	 147.4612
691 	 97.03 	 5.44 	 147.1991
692 	 101.34 	 5.08 	 147.3774
693 	 42.05 	 5.43 	 147.7863
694 	 411.83 	 5.58 	 147.2620
695 	 25.87 	 18.07 	 148.5413
696 	 25.87 	 5.54 	 149.2962
697 	 36.66 	 5.37 	 149.5584
698 	 117.51 	 5.04 	 149.0551
699 	 148.78 	 5.13 	 148.6252
700 	 240.42 	 5.27 	 148.7929
701 	 49.59 	 5.13 	 149.6108
702 	 7.55 	 5.19 	 150.1875
703 	 15.63 	 5.11 	 150.2714
704 	 25.87 	 27.93 	 149.9673
705 	 25.87 	 16.58 	 150.7223
706 	 105.65 	 5.11 	 149.9673
707 	 187.59 	 5.02 	 150.2190
708 	 25.87 	 12.03 	 151.3934
709 	 25.87 	 5.72 	 152.1274
710 	 37.19 	 5.12 	 151.2781
711 	 100.80 	 5.12 	 152.1169
712 	 321.27 	 5.03 	 151.7919
713 	 16.17 	 5.86 	 153.5430
714 	 25.87 	 16.11 	 152.8195
715 	 26.41 	 12.92 	 152.8719
716 	 25.87 	 27.28 	 153.5744
717 	 37.73 	 5.78 	 153.7422
718 	 470.05 	 5.03 	 153.1340
719 	 530.43 	 5.07 	 152.4630
720 	 18.33 	 5.12 	 154.0882
721 	 26.41 	 6.29 	 154.2980
722 	 25.87 	 6.80 	 155.0005
723 	 57.14 	 5.04 	 154.2980
724 	 102.42 	 5.25 	 154.6335
725 	 172.50 	 5.15 	 154.5811
726 	 25.87 	 16.22 	 155.6716
727 	 25.87 	 5.90 	 156.4266
728 	 47.44 	 5.20 	 155.5143
729 	 310.49 	 5.08 	 155.3151
730 	 14.02 	 5.26 	 157.2759
731 	 15.63 	 5.30 	 157.2340
732 	 25.87 	 10.34 	 157.0977
733 	 46.90 	 5.23 	 157.0243
734 	 191.90 	 5.33 	 157.0977
735 	 260.90 	 5.15 	 157.3283
736 	 405.37 	 5.02 	 156.9928
737 	 15.63 	 5.42 	 158.7020
738 	 25.87 	 10.40 	 158.6076
739 	 26.41 	 7.24 	 159.2892
740 	 44.74 	 5.42 	 158.4084
741 	 82.47 	 5.10 	 159.2053
742 	 125.06 	 5.14 	 158.6181
743 	 51.75 	 5.06 	 158.0204
744 	 448.49 	 5.01 	 158.1672
745 	 487.30 	 5.28 	 158.3350
746 	 12.94 	 5.10 	 159.7925
747 	 18.33 	 5.22 	 160.4531
748 	 25.87 	 36.80 	 160.0337
749 	 32.34 	 5.28 	 159.7506
750 	 56.60 	 5.32 	 159.6247
751 	 217.78 	 5.23 	 160.1176
752 	 209.15 	 5.21 	 159.5094
753 	 25.87 	 11.03 	 160.7048
754 	 47.98 	 5.04 	 161.8477
755 	 83.01 	 5.67 	 161.1347
756 	 173.57 	 5.03 	 161.6275
757 	 232.87 	 5.00 	 161.3758
758 	 172.50 	 5.08 	 160.5160
759 	 10.24 	 5.07 	 163.2318
760 	 21.02 	 5.30 	 162.3091
761 	 73.31 	 5.03 	 162.8648
762 	 10.78 	 5.18 	 163.6513
763 	 25.87 	 45.89 	 164.2070
764 	 25.87 	 8.24 	 163.5359
765 	 25.87 	 45.10 	 164.3119
766 	 94.33 	 5.22 	 164.5321
767 	 269.53 	 5.36 	 164.0602
768 	 25.87 	 28.40 	 164.9829
769 	 25.87 	 18.10 	 165.7379
770 	 65.76 	 5.04 	 165.0354
771 	 98.65 	 5.27 	 165.4967
772 	 84.09 	 5.16 	 165.3814
773 	 25.87 	 11.83 	 166.4090
774 	 25.87 	 6.88 	 167.1640
775 	 44.20 	 5.21 	 167.0906
776 	 101.34 	 5.14 	 166.4929
777 	 159.56 	 6.09 	 166.0525
778 	 435.55 	 5.00 	 165.8847
779 	 9.16 	 5.37 	 168.1811
780 	 14.02 	 5.17 	 167.5100
781 	 16.17 	 5.12 	 168.0867
782 	 25.87 	 22.66 	 168.5900
783 	 25.87 	 11.76 	 167.8351
784 	 26.41 	 19.57 	 168.6005
785 	 29.11 	 5.38 	 168.6005
786 	 40.97 	 5.39 	 168.0658
787 	 194.06 	 5.05 	 167.7302
788 	 250.12 	 5.19 	 167.3947
789 	 26.41 	 5.83 	 170.0266
790 	 40.43 	 5.01 	 169.9847
791 	 53.91 	 5.70 	 169.2402
792 	 223.17 	 5.06 	 169.8483
793 	 40.97 	 5.06 	 168.9046
794 	 174.65 	 5.02 	 168.9046
795 	 9.70 	 5.01 	 170.1524
796 	 25.87 	 21.15 	 170.6872
797 	 29.11 	 5.65 	 170.7396
798 	 37.19 	 5.22 	 170.2783
799 	 46.36 	 5.37 	 170.3517
800 	 114.28 	 5.20 	 170.6033
801 	 11.32 	 5.08 	 172.2076
802 	 25.87 	 42.92 	 171.4422
803 	 30.19 	 5.40 	 171.4527
804 	 60.37 	 5.06 	 172.0818
805 	 115.36 	 5.19 	 172.5851
806 	 25.87 	 5.79 	 172.1133
807 	 92.72 	 5.21 	 172.0923
808 	 107.81 	 5.12 	 171.9245
809 	 25.87 	 19.63 	 173.5393
810 	 25.87 	 6.84 	 172.8682
811 	 26.41 	 14.55 	 173.5918
812 	 29.65 	 6.08 	 173.5918
813 	 63.61 	 5.09 	 172.9207
814 	 33.42 	 5.46 	 173.6232
815 	 105.65 	 5.31 	 173.8749
816 	 133.68 	 5.21 	 173.0989
817 	 18.33 	 5.39 	 174.8920
818 	 25.87 	 20.99 	 174.2943
819 	 25.87 	 7.59 	 174.9654
820 	 28.03 	 7.73 	 174.3048
821 	 81.40 	 5.12 	 174.6403
822 	 38.81 	 5.18 	 174.2733
823 	 25.87 	 8.64 	 175.6155
824 	 53.91 	 5.09 	 176.1503
825 	 25.87 	 5.77 	 176.4544
826 	 140.15 	 5.88 	 175.4477
827 	 25.87 	 34.18 	 177.7965
828 	 25.87 	 28.71 	 177.1464
829 	 25.87 	 35.04 	 177.8175
830 	 30.19 	 6.19 	 177.1989
831 	 32.34 	 5.02 	 177.9958
832 	 33.42 	 5.37 	 177.1464
833 	 71.69 	 5.04 	 178.0797
834 	 95.95 	 5.04 	 176.7270
835 	 255.51 	 5.16 	 176.8109
836 	 58.22 	 5.25 	 177.6288
837 	 11.86 	 5.23 	 178.7088
838 	 16.71 	 5.03 	 179.2541
839 	 22.64 	 5.55 	 179.3275
840 	 25.87 	 17.67 	 178.5725
841 	 26.41 	 15.17 	 178.5830
842 	 25.87 	 19.69 	 179.3275
843 	 28.57 	 5.46 	 178.5830
844 	 38.27 	 5.06 	 178.6669
845 	 46.36 	 5.09 	 179.3799
846 	 210.23 	 5.14 	 178.7403
847 	 231.79 	 5.87 	 178.4047
848 	 251.20 	 5.07 	 178.9919
849 	 79.78 	 5.03 	 178.8032
850 	 11.86 	 5.16 	 180.0090
851 	 15.09 	 5.10 	 180.0510
852 	 25.87 	 15.71 	 179.9986
853 	 26.41 	 7.65 	 180.7221
854 	 150.93 	 5.35 	 180.2502
855 	 177.89 	 5.13 	 179.7469
856 	 196.21 	 5.32 	 180.5858
857 	 230.71 	 5.29 	 180.0824
858 	 84.09 	 5.00 	 180.3131
859 	 25.87 	 12.21 	 181.4246
860 	 57.14 	 5.77 	 181.3512
861 	 79.24 	 5.05 	 181.7287
862 	 116.97 	 5.07 	 181.0996
863 	 123.44 	 5.53 	 180.9737
864 	 129.37 	 5.59 	 181.5085
865 	 25.87 	 8.87 	 180.7535
866 	 176.81 	 5.04 	 181.1520
867 	 13.48 	 5.16 	 183.4064
868 	 19.41 	 5.30 	 183.1128
869 	 25.87 	 7.00 	 182.1796
870 	 25.87 	 10.59 	 182.8507
871 	 157.40 	 5.36 	 182.6829
872 	 19.41 	 5.03 	 182.1586
873 	 53.91 	 5.05 	 181.9908
874 	 241.49 	 5.09 	 182.3264
875 	 16.17 	 5.10 	 183.7000
876 	 16.71 	 5.70 	 184.7486
877 	 19.41 	 5.07 	 183.5742
878 	 19.41 	 5.09 	 184.2033
879 	 25.87 	 23.98 	 183.5008
880 	 25.87 	 22.48 	 183.6057
881 	 25.87 	 41.54 	 184.2767
882 	 29.65 	 5.33 	 183.6161
883 	 30.73 	 5.55 	 184.3711
884 	 38.81 	 5.10 	 184.5074
885 	 37.73 	 5.10 	 184.4131
886 	 136.92 	 5.01 	 183.4379
887 	 16.17 	 5.04 	 185.1680
888 	 25.87 	 18.23 	 185.0317
889 	 26.41 	 5.89 	 185.7133
890 	 105.11 	 5.16 	 184.8744
891 	 107.27 	 5.50 	 185.7133
892 	 25.87 	 24.83 	 186.3529
893 	 25.87 	 26.22 	 187.1289
894 	 29.11 	 5.33 	 187.1813
895 	 31.26 	 5.30 	 186.4578
896 	 63.61 	 5.06 	 186.2166
897 	 104.04 	 5.20 	 187.3910
898 	 80.86 	 5.70 	 186.4578
899 	 229.64 	 5.59 	 187.0450
900 	 112.12 	 5.10 	 186.5207
901 	 362.24 	 5.11 	 186.0174
902 	 8.09 	 5.05 	 188.0202
903 	 25.87 	 19.03 	 187.8838
904 	 25.87 	 16.93 	 188.5549
905 	 28.03 	 5.99 	 188.6074
906 	 29.65 	 5.11 	 187.9363
907 	 38.27 	 5.06 	 187.6007
908 	 46.90 	 5.37 	 187.9363
909 	 76.55 	 5.39 	 187.8104
910 	 64.69 	 5.08 	 188.3872
911 	 259.82 	 5.11 	 188.7227
912 	 14.02 	 5.39 	 188.9429
913 	 14.55 	 5.33 	 189.9076
914 	 25.87 	 8.31 	 189.3099
915 	 25.87 	 10.40 	 189.9810
916 	 38.27 	 5.05 	 190.1593
917 	 36.66 	 5.01 	 189.0583
918 	 7.55 	 5.16 	 191.0401
919 	 9.70 	 5.10 	 190.7465
920 	 26.41 	 6.32 	 191.4595
921 	 55.52 	 5.49 	 190.3690
922 	 88.40 	 5.28 	 190.6521
923 	 25.87 	 8.24 	 190.0439
924 	 11.86 	 5.20 	 191.7531
925 	 108.89 	 5.18 	 191.5434
926 	 25.87 	 6.33 	 191.4909
927 	 312.65 	 5.10 	 192.0572
928 	 25.87 	 15.57 	 192.8331
929 	 25.87 	 9.05 	 193.5881
930 	 93.79 	 5.01 	 194.1858
931 	 108.35 	 5.17 	 193.3469
932 	 92.72 	 5.21 	 193.6720
933 	 123.98 	 5.21 	 193.1687
934 	 15.63 	 5.14 	 194.4794
935 	 17.79 	 5.03 	 195.1924
936 	 25.87 	 8.91 	 195.0142
937 	 28.03 	 5.05 	 194.3955
938 	 111.58 	 5.13 	 194.8149
939 	 15.09 	 5.10 	 196.7863
940 	 25.87 	 11.93 	 195.6853
941 	 25.87 	 20.19 	 196.4402
942 	 44.74 	 5.33 	 195.6538
943 	 157.40 	 5.23 	 195.5175
944 	 8.09 	 5.43 	 198.0865
945 	 9.70 	 5.45 	 197.3735
946 	 25.87 	 9.75 	 197.8663
947 	 45.28 	 5.09 	 197.2476
948 	 25.87 	 5.48 	 197.0903
949 	 362.24 	 5.63 	 196.9226
950 	 487.30 	 5.36 	 197.4259
951 	 25.87 	 20.21 	 199.2714
952 	 25.87 	 15.19 	 198.5374
953 	 25.87 	 21.34 	 199.2924
954 	 29.11 	 5.32 	 199.3028
955 	 64.69 	 5.14 	 198.2857
956 	 25.87 	 8.35 	 200.0473
957 	 43.12 	 5.23 	 200.2990
958 	 71.15 	 5.12 	 199.9425
959 	 91.64 	 5.33 	 199.5440
960 	 84.09 	 5.08 	 200.6136
961 	 25.87 	 16.32 	 202.1445
962 	 29.11 	 5.59 	 202.1969
963 	 70.62 	 5.01 	 201.7775
964 	 74.93 	 5.14 	 202.2389
965 	 95.95 	 5.20 	 201.8194
966 	 157.40 	 5.16 	 201.0540
967 	 229.64 	 5.23 	 201.0540
968 	 25.87 	 32.34 	 202.7946
969 	 25.87 	 34.93 	 202.8995
970 	 26.41 	 18.55 	 203.5810
971 	 77.08 	 5.68 	 202.8261
972 	 122.90 	 5.04 	 202.2808
973 	 16.17 	 5.11 	 202.3123
974 	 25.87 	 9.16 	 204.3255
975 	 75.47 	 5.32 	 204.8813
976 	 67.92 	 5.15 	 204.7449
977 	 269.53 	 5.05 	 204.2416
978 	 11.32 	 5.56 	 206.2654
979 	 25.87 	 10.72 	 204.9966
980 	 25.87 	 8.19 	 205.7516
981 	 47.44 	 5.10 	 205.8460
982 	 93.26 	 5.06 	 206.2654
983 	 99.19 	 5.07 	 205.9298
984 	 9.16 	 5.13 	 207.3140
985 	 14.02 	 5.25 	 207.0099
986 	 18.33 	 5.07 	 207.1462
987 	 25.87 	 11.58 	 206.3178
988 	 25.87 	 11.91 	 207.1776
989 	 74.93 	 5.27 	 207.2301
990 	 81.94 	 5.10 	 206.3073
991 	 235.03 	 5.20 	 206.9889
992 	 16.17 	 5.15 	 208.0270
993 	 25.87 	 24.01 	 207.8487
994 	 25.87 	 17.02 	 208.6037
995 	 29.65 	 5.43 	 208.6142
996 	 47.44 	 5.07 	 208.9078
997 	 59.30 	 5.04 	 208.9497
998 	 20.48 	 5.94 	 207.7648
999 	 123.98 	 5.08 	 208.6876
1000 	 17.25 	 5.75 	 209.2853
1001 	 25.87 	 16.99 	 209.1699
1002 	 25.87 	 17.57 	 210.0298
1003 	 26.41 	 13.37 	 209.3272
1004 	 26.41 	 14.71 	 210.0403
1005 	 56.06 	 5.10 	 209.5369
1006 	 131.53 	 5.48 	 210.1975
1007 	 88.40 	 5.04 	 209.8410
1008 	 110.51 	 5.01 	 210.5436
1009 	 25.87 	 5.90 	 211.3510
1010 	 38.81 	 5.09 	 211.0154
1011 	 437.71 	 5.00 	 211.1832
1012 	 18.33 	 5.10 	 212.4730
1013 	 25.87 	 6.97 	 212.8819
1014 	 25.87 	 11.72 	 212.1269
1015 	 26.41 	 5.76 	 212.8924
1016 	 31.26 	 5.04 	 214.3184
1017 	 33.42 	 5.27 	 213.3118
1018 	 37.73 	 5.09 	 213.7312
1019 	 37.73 	 5.18 	 213.9410
1020 	 10.78 	 5.09 	 215.4090
1021 	 12.94 	 5.03 	 214.8637
1022 	 16.17 	 5.11 	 214.4443
1023 	 18.87 	 5.33 	 214.7798
1024 	 25.87 	 22.90 	 214.9791
1025 	 29.65 	 5.32 	 215.0315
1026 	 91.10 	 5.03 	 215.6606
1027 	 39.89 	 5.06 	 214.3080
1028 	 129.37 	 5.01 	 214.8952
1029 	 246.89 	 5.16 	 215.3146
1030 	 66.84 	 5.23 	 215.0420
1031 	 18.33 	 5.05 	 216.4575
1032 	 25.87 	 7.82 	 215.7340
1033 	 25.87 	 5.96 	 216.4051
1034 	 152.01 	 5.08 	 216.5729
1035 	 202.68 	 5.51 	 216.2373
1036 	 18.33 	 5.14 	 217.1286
1037 	 25.87 	 25.24 	 217.1601
1038 	 26.41 	 19.35 	 217.1706
1039 	 25.87 	 21.95 	 217.8312
1040 	 67.92 	 5.05 	 217.6319
1041 	 84.63 	 5.15 	 217.0447
1042 	 500.24 	 5.28 	 217.8941
1043 	 7.55 	 5.11 	 219.5194
1044 	 25.87 	 6.11 	 218.5862
1045 	 25.87 	 12.32 	 219.2572
1046 	 50.67 	 5.05 	 219.5613
1047 	 109.97 	 5.10 	 219.4774
1048 	 11.86 	 5.25 	 218.9217
1049 	 20.48 	 5.29 	 219.3411
1050 	 34.50 	 5.37 	 218.5652
1051 	 109.97 	 5.33 	 218.7539
1052 	 11.32 	 5.26 	 220.6938
1053 	 25.87 	 13.04 	 220.0122
1054 	 25.87 	 6.49 	 220.7672
1055 	 122.90 	 5.19 	 219.7396
1056 	 14.55 	 5.33 	 221.9101
1057 	 16.71 	 5.12 	 221.0713
1058 	 25.87 	 6.85 	 221.4383
1059 	 25.87 	 5.34 	 222.0360
1060 	 26.41 	 6.92 	 221.4907
1061 	 40.97 	 5.25 	 221.9416
1062 	 176.81 	 5.14 	 221.0818
1063 	 306.18 	 5.11 	 222.0884
1064 	 338.52 	 5.17 	 222.0884
1065 	 23.72 	 5.16 	 222.9168
1066 	 33.96 	 5.06 	 222.6232
1067 	 100.26 	 5.11 	 223.1265
1068 	 8.62 	 5.40 	 224.9300
1069 	 25.87 	 24.55 	 224.2904
1070 	 26.41 	 19.31 	 224.3009
1071 	 26.41 	 17.56 	 225.0139
1072 	 29.11 	 5.58 	 225.0559
1073 	 377.34 	 5.01 	 224.4372
1074 	 12.40 	 5.28 	 226.3980
1075 	 18.33 	 5.27 	 226.3037
1076 	 25.87 	 10.71 	 225.7165
1077 	 44.20 	 5.22 	 225.8004
1078 	 14.02 	 5.23 	 227.5724
1079 	 15.09 	 5.48 	 227.1425
1080 	 25.87 	 36.97 	 227.1216
1081 	 25.87 	 10.01 	 226.4714
1082 	 25.87 	 42.18 	 227.1425
1083 	 31.26 	 5.35 	 227.2788
1084 	 145.54 	 5.18 	 226.9748
1085 	 38.81 	 5.04 	 227.1216
1086 	 461.43 	 5.08 	 227.1216
1087 	 25.87 	 13.14 	 228.5686
1088 	 25.87 	 21.30 	 227.8975
1089 	 26.41 	 12.62 	 228.6210
1090 	 7.01 	 5.15 	 230.3826
1091 	 25.87 	 16.69 	 229.3236
1092 	 26.41 	 15.33 	 229.3341
1093 	 25.87 	 34.51 	 229.9947
1094 	 29.65 	 5.73 	 230.0471
1095 	 20.48 	 5.04 	 229.9947
1096 	 34.50 	 5.11 	 229.4704
1097 	 174.65 	 5.11 	 229.3026
1098 	 16.17 	 5.65 	 231.4732
1099 	 25.87 	 27.45 	 230.6448
1100 	 25.87 	 30.01 	 230.7496
1101 	 90.56 	 5.10 	 231.4732
1102 	 113.20 	 5.04 	 231.5990
1103 	 25.87 	 5.04 	 231.4836
1104 	 405.37 	 5.31 	 230.4770
1105 	 25.87 	 15.00 	 232.8258
1106 	 24.80 	 6.49 	 232.8992
1107 	 26.41 	 11.85 	 232.8992
1108 	 58.76 	 5.05 	 232.1023
1109 	 74.39 	 5.16 	 231.9345
1110 	 106.73 	 5.09 	 231.9240
1111 	 215.62 	 5.02 	 232.1547
1112 	 7.55 	 5.03 	 233.9478
1113 	 8.62 	 5.07 	 233.5703
1114 	 12.94 	 5.59 	 233.1509
1115 	 25.87 	 36.23 	 233.6018
1116 	 26.41 	 29.60 	 233.6122
1117 	 25.87 	 8.94 	 234.2728
1118 	 54.44 	 5.11 	 233.4025
1119 	 72.23 	 5.01 	 233.8639
1120 	 13.48 	 5.37 	 235.3739
1121 	 25.87 	 6.91 	 235.0278
1122 	 107.27 	 5.22 	 235.3739
1123 	 127.75 	 5.02 	 235.3319
1124 	 70.08 	 5.09 	 235.6989
1125 	 233.95 	 5.07 	 235.6150
1126 	 25.87 	 7.34 	 234.3358
1127 	 191.90 	 5.02 	 235.5102
1128 	 532.58 	 5.43 	 234.6713
1129 	 4.31 	 5.05 	 237.0516
1130 	 7.55 	 5.09 	 236.3385
1131 	 11.32 	 5.01 	 236.9257
1132 	 25.87 	 8.32 	 236.3490
1133 	 174.65 	 5.36 	 237.0411
1134 	 15.09 	 5.06 	 237.3032
1135 	 16.17 	 5.11 	 237.9743
1136 	 25.87 	 41.17 	 237.8590
1137 	 25.87 	 18.84 	 237.1250
1138 	 25.87 	 46.29 	 237.8800
1139 	 31.26 	 5.87 	 237.8904
1140 	 39.89 	 5.14 	 237.9743
1141 	 25.87 	 8.84 	 238.5301
1142 	 235.03 	 5.13 	 239.2012
1143 	 11.86 	 5.09 	 240.7845
1144 	 25.87 	 9.66 	 239.9771
1145 	 25.87 	 9.05 	 240.7111
1146 	 33.42 	 5.19 	 241.1620
1147 	 76.55 	 5.32 	 240.3126
1148 	 88.40 	 5.23 	 240.8160
1149 	 142.31 	 5.61 	 240.3126
1150 	 195.14 	 5.04 	 240.4804
1151 	 34.50 	 5.12 	 240.5433
1152 	 4.85 	 5.00 	 242.5042
1153 	 25.87 	 9.71 	 241.3822
1154 	 25.87 	 11.04 	 241.4032
1155 	 26.41 	 9.53 	 241.4556
1156 	 25.87 	 35.17 	 242.1581
1157 	 19.41 	 5.13 	 242.1581
1158 	 119.67 	 5.16 	 242.0743
1159 	 25.87 	 43.97 	 242.8292
1160 	 25.87 	 13.23 	 243.5842
1161 	 30.73 	 5.25 	 242.9236
1162 	 38.81 	 5.06 	 242.8292
1163 	 190.82 	 5.41 	 242.7453
1164 	 196.21 	 5.01 	 243.1648
1165 	 251.20 	 5.34 	 242.6615
1166 	 25.87 	 12.59 	 245.0103
1167 	 25.87 	 14.64 	 244.3392
1168 	 26.41 	 10.97 	 245.0208
1169 	 121.83 	 5.13 	 245.0208
1170 	 30.19 	 5.01 	 245.0103
1171 	 91.64 	 5.63 	 244.5908
1172 	 342.84 	 5.05 	 244.7376
1173 	 25.87 	 9.71 	 245.7443
1174 	 25.87 	 14.44 	 246.4363
1175 	 31.80 	 5.65 	 246.4888
1176 	 48.51 	 5.58 	 245.8596
1177 	 63.07 	 5.10 	 245.3144
1178 	 99.19 	 5.20 	 245.4297
1179 	 6.47 	 5.39 	 247.4954
1180 	 15.63 	 5.03 	 246.6146
1181 	 25.87 	 11.65 	 247.1074
1182 	 26.41 	 9.92 	 247.1598
1183 	 35.04 	 5.21 	 246.6565
1184 	 130.99 	 5.10 	 246.6565
1185 	 131.53 	 5.24 	 247.4115
1186 	 103.50 	 5.14 	 246.5202
1187 	 136.92 	 5.09 	 246.9396
1188 	 25.87 	 36.15 	 247.8624
1189 	 25.87 	 9.17 	 248.6174
1190 	 58.76 	 5.02 	 249.1312
1191 	 122.90 	 5.09 	 247.9148
1192 	 126.68 	 5.04 	 248.4601
1193 	 47.44 	 5.04 	 248.3657
1194 	 9.70 	 5.30 	 249.2989
1195 	 128.29 	 5.01 	 249.2570
1196 	 130.45 	 5.07 	 250.5153
1197 	 257.67 	 5.53 	 249.6240
1198 	 116.43 	 5.14 	 249.2675
1199 	 381.65 	 5.02 	 249.7708
1200 	 11.32 	 5.14 	 251.3961
1201 	 17.79 	 6.07 	 251.3122
1202 	 25.87 	 30.33 	 250.6097
1203 	 25.87 	 34.53 	 250.7145
1204 	 25.87 	 41.92 	 251.4695
1205 	 30.19 	 7.01 	 251.5219
1206 	 32.88 	 5.33 	 250.6831
1207 	 69.54 	 5.09 	 251.3961
1208 	 155.25 	 5.42 	 250.9452
1209 	 26.41 	 5.05 	 252.1930
1210 	 25.87 	 8.19 	 252.8956
1211 	 67.92 	 5.46 	 253.1158
1212 	 80.86 	 5.07 	 252.3608
1213 	 353.62 	 5.06 	 251.7841
1214 	 9.16 	 5.06 	 254.1224
1215 	 25.87 	 27.63 	 253.4618
1216 	 25.87 	 30.83 	 253.5666
1217 	 25.87 	 37.11 	 254.3216
1218 	 29.11 	 6.81 	 253.6191
1219 	 42.58 	 5.20 	 253.8707
1220 	 58.22 	 5.05 	 254.4160
1221 	 74.39 	 5.32 	 254.2902
1222 	 34.50 	 5.30 	 253.6505
1223 	 12.40 	 5.18 	 254.9193
1224 	 17.25 	 5.65 	 254.9613
1225 	 25.87 	 15.90 	 254.9927
1226 	 25.87 	 6.64 	 256.4188
1227 	 26.41 	 10.14 	 257.1842
1228 	 59.83 	 5.04 	 256.6390
1229 	 121.83 	 5.28 	 256.4293
1230 	 54.98 	 5.25 	 256.5865
1231 	 94.87 	 5.44 	 256.7543
1232 	 209.15 	 5.13 	 256.9850
1233 	 327.74 	 5.15 	 256.9850
1234 	 4.31 	 5.03 	 257.3520
1235 	 16.17 	 5.17 	 257.6456
1236 	 25.87 	 12.29 	 257.8448
1237 	 26.41 	 12.52 	 258.6103
1238 	 222.09 	 5.02 	 258.4320
1239 	 25.87 	 10.15 	 259.2709
1240 	 263.06 	 5.98 	 259.1870
1241 	 25.87 	 7.08 	 260.0259
1242 	 155.25 	 5.32 	 260.0259
1243 	 291.09 	 5.38 	 260.1727
1244 	 25.87 	 8.35 	 262.2069
1245 	 37.19 	 5.11 	 262.5110
1246 	 49.05 	 5.15 	 262.4271
1247 	 105.11 	 5.15 	 261.3785
1248 	 114.28 	 5.08 	 262.1859
1249 	 9.16 	 5.09 	 263.2240
1250 	 25.87 	 26.42 	 262.8780
1251 	 25.87 	 20.61 	 263.6330
1252 	 50.13 	 6.16 	 263.6854
1253 	 56.60 	 5.31 	 263.7273
1254 	 130.99 	 5.25 	 262.8465
1255 	 21.56 	 5.10 	 262.8780
1256 	 19.41 	 5.17 	 264.9437
1257 	 25.87 	 31.70 	 265.0381
1258 	 25.87 	 12.03 	 264.3041
1259 	 25.87 	 35.85 	 265.0590
1260 	 29.65 	 6.83 	 265.1115
1261 	 31.80 	 5.67 	 265.1534
1262 	 100.26 	 5.16 	 265.1429
1263 	 238.26 	 5.22 	 264.5557
1264 	 351.46 	 5.10 	 264.0314
1265 	 9.16 	 5.42 	 266.4956
1266 	 25.87 	 32.47 	 266.3802
1267 	 25.87 	 43.10 	 265.7301
1268 	 25.87 	 37.29 	 266.4851
1269 	 32.34 	 6.05 	 265.7301
1270 	 45.82 	 5.18 	 265.4051
1271 	 10.78 	 5.01 	 266.0657
1272 	 53.91 	 5.09 	 265.8769
1273 	 7.55 	 5.02 	 267.1667
1274 	 25.87 	 7.16 	 267.0513
1275 	 25.87 	 26.73 	 267.9112
1276 	 87.33 	 5.21 	 266.6529
1277 	 157.40 	 5.12 	 267.3240
1278 	 116.43 	 5.09 	 267.0513
1279 	 9.70 	 5.02 	 269.0541
1280 	 19.41 	 5.04 	 269.2638
1281 	 26.41 	 20.55 	 269.3477
1282 	 28.03 	 6.97 	 269.3477
1283 	 16.17 	 5.02 	 268.4984
1284 	 217.78 	 5.05 	 269.1695
1285 	 26.41 	 6.00 	 270.0607
1286 	 32.34 	 5.20 	 269.9769
1287 	 99.19 	 5.25 	 269.3372
1288 	 26.41 	 6.25 	 270.7318
1289 	 25.87 	 15.04 	 271.4344
1290 	 146.62 	 5.03 	 271.4344
1291 	 8.09 	 5.08 	 272.6612
1292 	 25.87 	 20.89 	 272.7556
1293 	 25.87 	 23.85 	 272.8604
1294 	 25.87 	 12.95 	 272.1894
1295 	 26.41 	 21.08 	 272.9129
1296 	 28.03 	 8.63 	 272.9129
1297 	 40.97 	 5.02 	 272.3257
1298 	 102.42 	 5.22 	 273.0282
1299 	 252.28 	 5.47 	 272.1894
1300 	 75.47 	 5.01 	 271.9167
1301 	 8.62 	 5.43 	 274.6745
1302 	 25.87 	 30.41 	 273.6154
1303 	 26.41 	 24.96 	 273.6259
1304 	 35.58 	 5.44 	 273.6154
1305 	 25.87 	 5.13 	 274.2865
1306 	 25.87 	 7.24 	 275.0415
1307 	 340.68 	 5.15 	 275.4399
1308 	 25.87 	 17.63 	 276.4675
1309 	 26.41 	 14.41 	 276.4780
1310 	 25.87 	 27.48 	 277.1386
1311 	 28.57 	 6.29 	 277.1911
1312 	 29.65 	 5.09 	 276.4780
1313 	 102.42 	 5.13 	 276.3837
1314 	 215.62 	 5.21 	 276.8870
1315 	 244.73 	 5.03 	 276.6353
1316 	 38.81 	 5.11 	 277.1177
1317 	 16.71 	 5.25 	 277.8202
1318 	 25.87 	 44.32 	 277.8936
1319 	 26.41 	 36.13 	 277.9041
1320 	 25.87 	 6.56 	 278.5647
1321 	 56.06 	 5.01 	 278.1558
1322 	 56.60 	 5.43 	 278.0299
1323 	 77.62 	 5.34 	 278.2921
1324 	 202.68 	 5.46 	 278.3130
1325 	 105.65 	 5.33 	 278.4598
1326 	 16.71 	 5.06 	 279.9174
1327 	 25.87 	 9.28 	 279.3197
1328 	 25.87 	 25.27 	 279.9908
1329 	 25.87 	 5.83 	 278.6276
1330 	 92.72 	 6.04 	 278.9632
1331 	 100.26 	 5.31 	 278.8268
1332 	 58.22 	 5.13 	 278.7325
1333 	 195.14 	 5.12 	 279.7391
1334 	 14.02 	 5.91 	 280.7143
1335 	 25.87 	 35.74 	 280.7457
1336 	 26.41 	 27.53 	 280.7562
1337 	 91.10 	 5.38 	 280.2110
1338 	 107.81 	 5.25 	 280.7562
1339 	 31.26 	 5.20 	 280.7457
1340 	 33.42 	 5.03 	 280.0746
1341 	 58.22 	 5.34 	 280.0746
1342 	 94.87 	 5.07 	 280.7457
1343 	 164.95 	 5.05 	 280.8296
1344 	 258.74 	 5.07 	 280.9135
1345 	 8.09 	 5.09 	 281.5112
1346 	 19.41 	 5.33 	 282.2662
1347 	 25.87 	 12.51 	 281.4168
1348 	 75.47 	 5.02 	 282.4339
1349 	 6.47 	 5.11 	 283.3147
1350 	 17.25 	 5.12 	 283.4930
1351 	 25.87 	 13.17 	 283.5979
1352 	 87.33 	 5.20 	 283.0945
1353 	 10.78 	 5.04 	 284.5730
1354 	 17.79 	 5.00 	 285.0344
1355 	 25.87 	 32.52 	 284.3319
1356 	 25.87 	 34.45 	 284.3528
1357 	 25.87 	 23.75 	 285.0239
1358 	 28.57 	 6.79 	 285.0344
1359 	 29.11 	 7.53 	 284.3633
1360 	 32.34 	 5.79 	 284.4472
1361 	 32.34 	 5.17 	 285.0239
1362 	 156.32 	 5.06 	 284.6045
1363 	 133.68 	 5.30 	 283.9963
1364 	 16.71 	 5.04 	 285.8313
1365 	 25.87 	 5.78 	 285.7789
1366 	 25.87 	 10.66 	 286.4500
1367 	 8.62 	 5.07 	 287.8865
1368 	 12.94 	 5.30 	 287.0057
1369 	 25.87 	 6.03 	 287.8761
1370 	 25.87 	 37.70 	 287.2050
1371 	 112.66 	 5.01 	 287.4252
1372 	 222.09 	 5.02 	 287.0372
1373 	 200.53 	 5.19 	 287.1840
1374 	 480.83 	 5.09 	 287.1840
1375 	 25.87 	 17.64 	 288.6310
1376 	 26.41 	 15.60 	 288.5996
1377 	 25.87 	 25.67 	 289.3021
1378 	 28.03 	 5.32 	 288.6415
1379 	 56.60 	 5.00 	 289.1029
1380 	 225.32 	 5.05 	 288.4633
1381 	 355.77 	 5.14 	 288.6939
1382 	 25.87 	 11.31 	 290.0571
1383 	 25.87 	 12.48 	 290.7282
1384 	 40.97 	 5.08 	 290.3088
1385 	 258.74 	 5.16 	 290.3088
1386 	 64.69 	 5.14 	 289.5328
1387 	 411.83 	 5.13 	 289.5328
1388 	 25.87 	 6.81 	 291.4832
1389 	 172.50 	 5.03 	 291.9026
1390 	 25.87 	 13.20 	 292.9092
1391 	 25.87 	 16.50 	 292.1542
1392 	 26.41 	 12.50 	 292.9197
1393 	 196.21 	 5.18 	 292.3220
1394 	 38.81 	 5.38 	 292.8882
1395 	 25.87 	 10.39 	 293.5803
1396 	 46.36 	 5.12 	 294.7652
1397 	 49.59 	 5.42 	 293.6642
1398 	 64.69 	 5.07 	 294.8071
1399 	 93.79 	 5.03 	 293.7481
1400 	 25.87 	 6.97 	 295.7613
1401 	 26.95 	 6.15 	 295.7718
1402 	 37.73 	 5.06 	 295.8138
1403 	 25.87 	 25.91 	 296.4324
1404 	 26.41 	 21.96 	 296.4849
1405 	 25.87 	 16.52 	 297.1874
1406 	 28.03 	 6.44 	 297.1979
1407 	 31.26 	 5.10 	 296.4849
1408 	 56.06 	 5.17 	 296.3590
1409 	 32.34 	 5.09 	 297.3552
1410 	 135.84 	 5.58 	 297.1874
1411 	 166.03 	 5.91 	 296.9148
1412 	 17.79 	 5.13 	 298.4562
1413 	 25.87 	 36.42 	 298.6135
1414 	 40.43 	 5.11 	 298.6659
1415 	 25.87 	 5.52 	 297.8585
1416 	 203.76 	 5.54 	 298.4457
1417 	 224.25 	 5.40 	 297.6068
1418 	 241.49 	 5.06 	 298.2570
1419 	 9.16 	 5.08 	 299.7145
1420 	 25.87 	 8.94 	 299.9347
1421 	 129.37 	 5.03 	 299.8403
1422 	 169.26 	 5.03 	 298.9490
1423 	 237.18 	 5.34 	 300.0395
1424 	 18.87 	 5.22 	 301.2664
1425 	 112.66 	 5.18 	 300.8050
1426 	 30.19 	 5.02 	 300.5429
1427 	 161.72 	 5.46 	 301.2139
1428 	 207.00 	 5.32 	 301.2769
1429 	 11.86 	 5.08 	 302.4827
1430 	 15.09 	 5.03 	 302.8183
1431 	 25.87 	 22.23 	 302.1367
1432 	 26.41 	 18.12 	 302.1891
1433 	 26.41 	 7.43 	 302.9021
1434 	 36.66 	 5.02 	 302.1052
1435 	 64.15 	 5.44 	 302.0213
1436 	 26.95 	 5.04 	 301.7173
1437 	 120.75 	 5.15 	 302.2206
1438 	 25.87 	 12.40 	 303.6466
1439 	 113.74 	 5.27 	 302.9441
1440 	 130.45 	 5.34 	 303.2377
1441 	 39.89 	 5.44 	 303.8983
1442 	 108.89 	 5.45 	 303.8144
1443 	 15.63 	 5.11 	 305.4607
1444 	 25.87 	 14.77 	 304.3177
1445 	 26.41 	 11.58 	 304.3282
1446 	 25.87 	 34.73 	 304.9678
1447 	 29.65 	 5.19 	 304.3702
1448 	 38.81 	 5.17 	 305.1251
1449 	 63.07 	 5.25 	 305.5026
1450 	 68.46 	 5.08 	 305.3768
1451 	 49.59 	 5.10 	 305.3244
1452 	 373.02 	 5.03 	 305.1356
1453 	 25.87 	 38.81 	 305.7438
1454 	 25.87 	 8.55 	 306.4149
1455 	 30.73 	 5.77 	 305.8382
1456 	 44.74 	 5.06 	 306.3415
1457 	 109.97 	 5.42 	 306.4673
1458 	 25.87 	 8.31 	 307.8200
1459 	 26.41 	 5.20 	 307.1803
1460 	 25.87 	 9.31 	 307.9248
1461 	 105.65 	 5.07 	 307.3167
1462 	 11.86 	 5.14 	 307.0860
1463 	 5.93 	 5.50 	 309.4453
1464 	 11.32 	 5.07 	 309.1097
1465 	 25.87 	 27.16 	 308.5959
1466 	 25.87 	 21.84 	 309.3509
1467 	 29.11 	 6.27 	 308.6483
1468 	 30.19 	 5.31 	 309.3509
1469 	 47.44 	 5.13 	 308.8476
1470 	 167.11 	 5.16 	 309.2670
1471 	 227.48 	 5.23 	 309.5187
1472 	 7.55 	 5.32 	 310.5253
1473 	 25.87 	 10.48 	 310.0220
1474 	 25.87 	 5.84 	 310.7770
1475 	 72.77 	 5.30 	 309.9486
1476 	 107.81 	 5.12 	 310.4100
1477 	 25.87 	 9.85 	 311.4480
1478 	 25.87 	 10.65 	 312.2030
1479 	 10.24 	 5.03 	 312.3393
1480 	 25.87 	 32.03 	 312.8741
1481 	 26.41 	 24.77 	 313.6396
1482 	 38.81 	 5.58 	 312.5386
1483 	 65.23 	 5.14 	 313.5557
1484 	 70.62 	 5.17 	 312.5490
1485 	 155.25 	 5.00 	 312.3708
1486 	 25.87 	 10.44 	 314.3002
1487 	 26.41 	 10.33 	 314.3526
1488 	 132.61 	 5.57 	 313.7969
1489 	 81.94 	 5.17 	 314.0485
1490 	 199.45 	 5.03 	 314.8035
1491 	 26.41 	 5.39 	 315.0656
1492 	 26.41 	 6.20 	 315.7787
1493 	 123.44 	 5.01 	 316.1561
1494 	 291.09 	 5.20 	 315.5375
1495 	 7.55 	 5.01 	 317.1208
1496 	 9.70 	 5.15 	 316.4078
1497 	 15.09 	 5.08 	 316.9531
1498 	 30.73 	 5.20 	 317.6661
1499 	 48.51 	 5.22 	 317.6661
1500 	 65.23 	 5.06 	 317.3306
1501 	 104.04 	 5.18 	 316.7014
1502 	 150.93 	 5.34 	 316.4812
1503 	 232.87 	 5.02 	 317.3830
1504 	 526.11 	 5.76 	 316.3764
1505 	 18.33 	 5.27 	 317.9597
1506 	 25.87 	 43.83 	 318.5574
1507 	 25.87 	 45.34 	 318.5784
1508 	 25.87 	 10.74 	 317.9073
1509 	 26.41 	 33.77 	 318.6308
1510 	 46.90 	 5.09 	 318.0436
1511 	 83.01 	 5.08 	 318.8824
1512 	 114.82 	 5.03 	 317.7500
1513 	 31.26 	 5.27 	 317.9912
1514 	 127.22 	 5.31 	 318.5784
1515 	 17.25 	 5.42 	 319.1341
1516 	 25.87 	 44.72 	 319.2285
1517 	 25.87 	 5.59 	 320.0673
1518 	 25.87 	 41.21 	 319.3333
1519 	 26.41 	 30.85 	 319.3438
1520 	 34.50 	 5.08 	 319.3962
1521 	 49.59 	 5.33 	 319.7318
1522 	 77.62 	 5.42 	 320.3085
1523 	 94.87 	 5.05 	 319.2180
1524 	 25.87 	 5.51 	 320.0044
1525 	 39.89 	 5.65 	 319.8367
1526 	 49.59 	 5.02 	 319.7528
1527 	 72.23 	 5.11 	 318.9978
1528 	 224.25 	 5.07 	 319.5011
1529 	 251.20 	 5.07 	 319.8367
1530 	 49.59 	 5.53 	 319.0607
1531 	 56.06 	 5.68 	 319.0607
1532 	 84.09 	 5.07 	 319.7318
1533 	 463.58 	 5.22 	 319.2285
1534 	 19.41 	 5.68 	 320.6021
1535 	 25.87 	 23.87 	 320.7594
1536 	 25.87 	 6.95 	 321.4305
1537 	 68.46 	 5.32 	 321.3151
1538 	 53.91 	 5.05 	 320.5077
1539 	 93.79 	 5.23 	 321.2627
1540 	 192.98 	 5.29 	 321.1788
1541 	 253.35 	 5.02 	 321.5144
1542 	 5.39 	 5.17 	 322.8670
1543 	 25.87 	 34.20 	 322.8566
1544 	 26.41 	 27.54 	 322.9090
1545 	 95.41 	 5.55 	 322.3637
1546 	 98.65 	 5.05 	 322.4057
1547 	 126.14 	 5.45 	 322.6888
1548 	 187.59 	 5.05 	 322.9404
1549 	 196.21 	 5.10 	 321.7660
1550 	 228.56 	 5.35 	 322.2693
1551 	 16.71 	 5.07 	 323.2865
1552 	 25.87 	 25.35 	 323.5906
1553 	 25.87 	 29.95 	 323.6115
1554 	 26.41 	 27.98 	 323.6220
1555 	 26.41 	 9.99 	 324.3350
1556 	 29.11 	 6.19 	 323.6220
1557 	 25.87 	 33.84 	 322.9195
1558 	 13.48 	 5.08 	 325.0061
1559 	 25.87 	 9.99 	 324.3665
1560 	 25.87 	 5.31 	 324.9327
1561 	 61.45 	 5.09 	 325.4570
1562 	 244.73 	 5.08 	 324.6182
1563 	 249.04 	 5.10 	 325.2054
1564 	 260.90 	 5.11 	 324.4504
1565 	 25.87 	 21.17 	 326.4637
1566 	 25.87 	 32.11 	 325.7926
1567 	 26.41 	 17.27 	 326.4741
1568 	 63.61 	 5.06 	 327.0194
1569 	 79.24 	 5.08 	 325.8869
1570 	 102.96 	 5.06 	 326.1805
1571 	 101.34 	 5.10 	 326.7992
1572 	 241.49 	 5.02 	 325.7087
1573 	 98.11 	 5.23 	 327.3025
1574 	 134.76 	 5.53 	 328.1414
1575 	 25.87 	 10.88 	 329.3158
1576 	 34.50 	 5.59 	 328.9907
1577 	 37.73 	 5.27 	 328.4455
1578 	 66.30 	 5.05 	 328.5293
1579 	 19.41 	 5.24 	 330.8362
1580 	 25.87 	 33.44 	 330.7418
1581 	 25.87 	 12.55 	 330.0708
1582 	 26.95 	 26.82 	 330.7943
1583 	 29.65 	 5.77 	 330.7943
1584 	 48.51 	 5.22 	 330.1232
1585 	 97.57 	 5.36 	 330.3329
1586 	 26.95 	 5.63 	 329.7352
1587 	 49.59 	 5.10 	 330.4063
1588 	 62.53 	 5.20 	 330.6370
1589 	 185.43 	 5.32 	 330.1337
1590 	 17.79 	 5.02 	 332.1364
1591 	 25.87 	 24.64 	 331.4758
1592 	 25.87 	 27.00 	 331.4968
1593 	 25.87 	 10.40 	 332.1679
1594 	 33.42 	 5.78 	 331.3290
1595 	 145.54 	 5.20 	 331.2452
1596 	 6.47 	 5.22 	 333.6045
1597 	 25.87 	 26.77 	 333.5940
1598 	 25.87 	 10.33 	 332.9229
1599 	 26.41 	 20.95 	 333.6464
1600 	 72.23 	 5.03 	 333.3109
1601 	 111.04 	 5.08 	 332.6398
1602 	 119.13 	 5.04 	 333.0592
1603 	 196.21 	 5.16 	 332.5873
1604 	 5.93 	 5.22 	 334.4433
1605 	 8.62 	 5.24 	 335.1144
1606 	 12.94 	 5.68 	 334.9886
1607 	 17.79 	 5.34 	 333.8981
1608 	 26.41 	 5.01 	 334.3594
1609 	 25.87 	 29.50 	 335.0200
1610 	 90.56 	 5.46 	 334.3175
1611 	 30.19 	 5.40 	 335.0200
1612 	 89.48 	 5.10 	 334.0134
1613 	 156.32 	 5.07 	 334.6006
1614 	 327.74 	 5.01 	 333.9924
1615 	 25.87 	 16.48 	 335.6701
1616 	 25.87 	 18.20 	 335.7750
1617 	 47.98 	 5.13 	 336.4566
1618 	 48.51 	 5.48 	 335.7016
1619 	 6.47 	 5.33 	 336.5824
1620 	 10.24 	 5.28 	 337.6729
1621 	 15.63 	 5.24 	 336.7921
1622 	 25.87 	 19.87 	 336.4461
1623 	 25.87 	 16.94 	 337.2011
1624 	 32.34 	 5.24 	 336.5824
1625 	 92.18 	 5.04 	 337.4213
1626 	 93.79 	 5.06 	 336.8655
1627 	 245.81 	 5.03 	 336.9494
1628 	 263.06 	 5.05 	 336.3412
1629 	 411.83 	 5.32 	 337.1801
1630 	 25.87 	 34.00 	 338.6271
1631 	 29.65 	 6.45 	 338.6796
1632 	 79.78 	 5.20 	 338.0504
1633 	 25.87 	 5.32 	 337.8722
1634 	 5.39 	 5.03 	 339.7281
1635 	 25.87 	 6.78 	 339.2982
1636 	 107.81 	 5.91 	 339.7177
1637 	 95.95 	 5.36 	 340.1371
1638 	 153.09 	 5.01 	 339.1934
1639 	 8.62 	 5.12 	 341.4897
1640 	 11.86 	 5.03 	 341.4059
1641 	 25.87 	 28.89 	 340.7243
1642 	 25.87 	 34.97 	 341.4793
1643 	 32.34 	 5.03 	 341.5631
1644 	 47.44 	 5.37 	 340.5565
1645 	 59.30 	 5.26 	 340.8082
1646 	 182.20 	 5.01 	 341.7309
1647 	 194.06 	 5.00 	 341.3744
1648 	 228.56 	 5.30 	 340.5355
1649 	 235.03 	 5.33 	 341.0389
1650 	 370.87 	 5.43 	 340.5355
1651 	 8.62 	 5.31 	 341.8672
1652 	 21.56 	 5.02 	 342.2447
1653 	 25.87 	 6.07 	 342.1503
1654 	 26.41 	 5.64 	 342.9578
1655 	 32.34 	 5.18 	 342.1608
1656 	 23.72 	 5.03 	 342.5698
1657 	 12.40 	 5.21 	 344.1741
1658 	 25.87 	 5.28 	 343.5764
1659 	 199.45 	 5.41 	 343.3248
1660 	 19.41 	 5.02 	 345.3066
1661 	 25.87 	 11.42 	 345.7575
1662 	 89.48 	 5.03 	 345.3904
1663 	 85.17 	 5.18 	 344.6669
1664 	 24.26 	 5.35 	 347.1940
1665 	 25.87 	 29.01 	 346.5124
1666 	 26.41 	 18.81 	 347.1940
1667 	 101.88 	 5.16 	 345.9777
1668 	 120.75 	 5.22 	 346.0091
1669 	 132.61 	 5.10 	 345.9357
1670 	 44.20 	 5.34 	 346.2608
1671 	 221.01 	 5.03 	 346.4285
1672 	 25.87 	 31.27 	 347.9385
1673 	 30.19 	 5.28 	 347.8651
1674 	 34.50 	 5.14 	 348.0329
1675 	 128.29 	 5.06 	 348.0224
1676 	 224.25 	 5.68 	 348.1063
1677 	 224.25 	 5.03 	 347.0787
1678 	 25.87 	 7.36 	 349.2597
1679 	 93.79 	 5.15 	 349.4484
1680 	 156.32 	 5.47 	 348.6096
1681 	 25.87 	 5.09 	 348.5886
1682 	 11.32 	 5.53 	 350.6333
1683 	 16.71 	 5.54 	 350.6753
1684 	 25.87 	 7.18 	 349.9308
1685 	 25.87 	 5.75 	 350.7906
1686 	 63.61 	 5.02 	 350.0461
1687 	 104.58 	 5.01 	 349.8679
1688 	 71.15 	 5.03 	 350.4341
1689 	 8.62 	 5.87 	 353.9049
1690 	 19.41 	 5.55 	 353.6113
1691 	 25.87 	 6.72 	 352.8878
1692 	 25.87 	 9.83 	 353.6427
1693 	 26.95 	 5.80 	 352.9402
1694 	 76.01 	 5.51 	 353.4855
1695 	 32.34 	 5.04 	 353.6427
1696 	 54.98 	 5.01 	 353.4750
1697 	 25.87 	 5.81 	 354.3138
1698 	 47.44 	 5.23 	 354.5760
1699 	 117.51 	 5.01 	 355.0793
1700 	 17.25 	 5.09 	 354.9010
1701 	 172.50 	 5.05 	 354.3977
1702 	 25.87 	 7.57 	 355.6350
1703 	 25.87 	 8.09 	 356.4949
1704 	 62.53 	 5.03 	 356.0440
1705 	 39.89 	 5.13 	 356.0754
1706 	 244.73 	 5.24 	 356.4949
1707 	 271.68 	 5.22 	 355.1317
1708 	 8.09 	 5.14 	 356.7151
1709 	 8.09 	 5.05 	 357.3023
1710 	 11.32 	 5.45 	 357.7217
1711 	 12.94 	 5.19 	 357.5120
1712 	 25.87 	 40.09 	 357.1660
1713 	 26.41 	 24.26 	 357.9314
1714 	 33.42 	 5.47 	 356.8409
1715 	 40.43 	 5.22 	 356.9667
1716 	 257.67 	 5.01 	 357.8370
1717 	 58.22 	 5.05 	 356.4739
1718 	 133.68 	 5.13 	 356.6417
1719 	 142.31 	 5.12 	 356.8094
1720 	 194.06 	 5.02 	 357.6483
1721 	 25.87 	 10.30 	 358.5920
1722 	 32.34 	 5.18 	 358.0153
1723 	 35.58 	 5.08 	 358.0887
1724 	 44.74 	 5.01 	 358.9800
1725 	 50.67 	 5.40 	 358.6864
1726 	 55.52 	 5.27 	 359.2736
1727 	 38.81 	 5.19 	 357.9209
1728 	 112.12 	 5.20 	 358.9905
1729 	 182.20 	 5.18 	 359.1792
1730 	 25.87 	 12.33 	 359.3470
1731 	 25.87 	 17.57 	 360.0181
1732 	 47.44 	 5.35 	 360.5214
1733 	 22.64 	 5.02 	 359.3470
1734 	 38.81 	 5.53 	 359.2631
1735 	 8.09 	 5.21 	 360.6577
1736 	 25.87 	 23.78 	 360.7731
1737 	 19.41 	 5.17 	 360.6892
1738 	 25.87 	 6.37 	 361.5071
1739 	 29.11 	 5.07 	 361.4441
1740 	 36.66 	 5.72 	 361.4441
1741 	 381.65 	 5.18 	 361.6748
1742 	 25.87 	 15.91 	 362.1991
1743 	 28.57 	 5.62 	 362.2096
1744 	 112.66 	 5.09 	 362.1677
1745 	 58.22 	 5.09 	 361.8426
1746 	 16.71 	 5.14 	 364.6004
1747 	 26.41 	 10.03 	 364.3487
1748 	 70.08 	 5.07 	 363.3735
1749 	 94.87 	 5.06 	 364.0446
1750 	 103.50 	 5.26 	 364.3592
1751 	 7.55 	 5.49 	 364.9359
1752 	 25.87 	 17.08 	 365.0303
1753 	 25.87 	 19.77 	 365.0512
1754 	 25.87 	 6.63 	 365.7014
1755 	 36.12 	 5.23 	 365.3973
1756 	 48.51 	 5.01 	 365.1456
1757 	 62.53 	 5.06 	 365.1876
1758 	 70.08 	 5.34 	 365.6489
1759 	 108.89 	 5.02 	 365.7748
1760 	 93.79 	 5.29 	 365.6385
1761 	 118.59 	 5.00 	 364.5270
1762 	 9.70 	 5.06 	 366.7814
1763 	 19.41 	 5.71 	 367.0645
1764 	 20.48 	 5.28 	 367.0750
1765 	 25.87 	 7.58 	 366.4773
1766 	 25.87 	 6.16 	 367.2323
1767 	 94.33 	 5.53 	 367.2008
1768 	 75.47 	 5.37 	 366.7080
1769 	 10.24 	 6.09 	 367.9977
1770 	 25.87 	 35.48 	 367.9034
1771 	 26.41 	 24.70 	 368.6269
1772 	 10.78 	 5.19 	 367.3162
1773 	 32.34 	 5.57 	 367.9873
1774 	 215.62 	 5.04 	 367.7356
1775 	 8.62 	 5.10 	 369.6755
1776 	 25.87 	 23.53 	 369.3294
1777 	 100.80 	 5.02 	 368.9205
1778 	 113.20 	 5.13 	 368.7947
1779 	 25.87 	 29.27 	 368.6583
1780 	 79.78 	 5.11 	 368.7422
1781 	 211.31 	 5.17 	 368.9100
1782 	 15.63 	 5.05 	 370.0530
1783 	 25.87 	 8.37 	 370.0844
1784 	 25.87 	 15.13 	 370.7555
1785 	 9.16 	 5.01 	 371.3951
1786 	 25.87 	 27.26 	 371.4056
1787 	 25.87 	 29.27 	 371.5105
1788 	 25.87 	 33.52 	 372.1816
1789 	 73.85 	 5.09 	 372.3598
1790 	 40.97 	 5.14 	 372.4123
1791 	 60.37 	 5.16 	 372.4123
1792 	 84.09 	 5.31 	 371.2378
1793 	 7.55 	 5.14 	 372.9890
1794 	 25.87 	 13.49 	 372.9365
1795 	 25.87 	 12.71 	 373.6076
1796 	 66.84 	 5.15 	 373.7754
1797 	 83.55 	 5.13 	 373.9956
1798 	 51.75 	 5.07 	 373.1882
1799 	 45.28 	 5.23 	 373.7544
1800 	 75.47 	 5.16 	 373.0833
1801 	 94.87 	 5.64 	 372.5800
1802 	 14.02 	 5.11 	 374.1634
1803 	 25.87 	 10.25 	 374.2577
1804 	 25.87 	 9.40 	 375.0337
1805 	 107.81 	 5.15 	 374.0271
1806 	 92.72 	 5.10 	 374.9498
1807 	 99.19 	 5.01 	 374.5304
1808 	 176.81 	 5.18 	 374.3626
1809 	 166.03 	 5.03 	 373.9222
1810 	 11.86 	 5.05 	 376.5122
1811 	 25.87 	 7.37 	 375.7887
1812 	 25.87 	 12.32 	 376.4598
1813 	 57.14 	 5.07 	 376.1766
1814 	 92.18 	 5.19 	 376.1347
1815 	 191.90 	 5.36 	 375.2644
1816 	 7.55 	 5.19 	 377.0994
1817 	 25.87 	 24.57 	 377.1099
1818 	 25.87 	 29.07 	 377.2147
1819 	 25.87 	 7.63 	 377.8858
1820 	 28.57 	 5.03 	 377.9802
1821 	 70.62 	 5.11 	 377.0574
1822 	 113.20 	 5.24 	 377.9382
1823 	 13.48 	 5.27 	 378.3996
1824 	 25.87 	 33.85 	 378.6408
1825 	 25.87 	 15.66 	 379.3119
1826 	 29.11 	 5.09 	 378.6513
1827 	 66.30 	 5.25 	 379.0707
1828 	 90.56 	 5.25 	 378.9554
1829 	 9.70 	 5.21 	 379.8676
1830 	 11.32 	 5.09 	 379.6160
1831 	 12.94 	 5.75 	 380.2871
1832 	 25.87 	 7.89 	 380.0669
1833 	 37.19 	 5.23 	 379.4901
1834 	 178.96 	 5.01 	 380.2975
1835 	 12.40 	 5.16 	 382.0487
1836 	 25.87 	 15.90 	 380.7379
1837 	 28.03 	 5.16 	 381.3251
1838 	 202.68 	 5.54 	 381.2413
1839 	 109.97 	 5.12 	 381.4719
1840 	 8.62 	 5.11 	 382.8036
1841 	 8.62 	 5.10 	 383.2650
1842 	 25.87 	 16.58 	 382.1640
1843 	 25.87 	 19.82 	 382.9190
1844 	 37.73 	 5.04 	 383.1811
1845 	 90.02 	 5.05 	 383.3908
1846 	 90.56 	 5.00 	 382.7198
1847 	 228.56 	 5.10 	 382.5834
1848 	 56.06 	 5.26 	 382.6464
1849 	 12.40 	 5.23 	 384.4814
1850 	 16.71 	 5.18 	 383.8103
1851 	 26.41 	 6.65 	 383.6425
1852 	 25.87 	 10.16 	 384.3450
1853 	 50.67 	 5.15 	 383.8522
1854 	 28.03 	 5.16 	 384.6806
1855 	 75.47 	 5.03 	 384.3450
1856 	 11.86 	 5.02 	 385.1524
1857 	 11.86 	 5.38 	 385.8235
1858 	 25.87 	 22.14 	 385.6663
1859 	 25.87 	 16.29 	 385.0161
1860 	 26.41 	 13.65 	 385.0686
1861 	 25.87 	 24.74 	 385.7711
1862 	 28.57 	 5.04 	 385.1105
1863 	 41.51 	 5.07 	 385.9074
1864 	 163.87 	 5.02 	 385.3307
1865 	 519.64 	 5.18 	 385.4985
1866 	 12.40 	 5.18 	 387.4593
1867 	 26.41 	 5.54 	 387.2496
1868 	 79.78 	 5.02 	 387.2496
1869 	 93.79 	 5.24 	 387.4174
1870 	 129.37 	 5.06 	 387.1133
1871 	 177.89 	 5.42 	 386.6939
1872 	 49.59 	 5.05 	 386.8407
1873 	 185.43 	 5.07 	 386.1696
1874 	 485.15 	 5.06 	 387.0084
1875 	 25.87 	 12.47 	 387.8473
1876 	 26.41 	 9.42 	 387.9207
1877 	 25.87 	 7.94 	 388.6232
1878 	 196.21 	 5.51 	 387.4488
1879 	 347.15 	 5.05 	 387.6795
1880 	 25.87 	 11.61 	 389.3782
1881 	 26.41 	 9.24 	 389.3468
1882 	 25.87 	 23.84 	 390.0493
1883 	 29.11 	 5.11 	 390.1017
1884 	 28.03 	 5.36 	 388.9588
1885 	 14.02 	 6.29 	 391.4439
1886 	 25.87 	 10.27 	 390.8043
1887 	 26.41 	 16.13 	 391.4858
1888 	 51.21 	 5.33 	 390.9825
1889 	 46.36 	 5.21 	 390.4687
1890 	 25.87 	 24.34 	 392.2303
1891 	 65.23 	 5.17 	 391.8633
1892 	 73.31 	 5.62 	 391.7270
1893 	 30.19 	 5.61 	 392.2303
1894 	 73.31 	 5.08 	 392.6498
1895 	 214.54 	 5.08 	 391.6431
1896 	 235.03 	 5.11 	 391.6431
1897 	 13.48 	 5.66 	 393.3313
1898 	 19.94 	 5.06 	 392.9539
1899 	 40.97 	 5.37 	 393.9081
1900 	 79.78 	 5.06 	 393.2055
1901 	 29.11 	 5.16 	 392.8175
1902 	 64.69 	 5.13 	 393.9081
1903 	 416.15 	 5.54 	 393.2160
1904 	 11.86 	 5.31 	 394.9671
1905 	 219.93 	 5.15 	 394.3275
1906 	 228.56 	 5.09 	 394.5791
1907 	 25.87 	 14.23 	 397.9346
1908 	 110.51 	 5.02 	 397.7354
1909 	 12.94 	 5.38 	 398.0185
1910 	 23.72 	 5.15 	 397.0957
1911 	 73.31 	 5.06 	 397.9136
1912 	 14.55 	 5.26 	 398.4065
1913 	 25.87 	 25.83 	 399.3607
1914 	 25.87 	 40.98 	 398.6057
1915 	 26.41 	 22.85 	 399.3711
1916 	 74.39 	 5.06 	 398.9098
1917 	 94.33 	 5.05 	 399.2453
1918 	 121.29 	 5.10 	 399.2034
1919 	 19.41 	 5.20 	 398.5218
1920 	 31.26 	 5.22 	 398.6057
1921 	 91.64 	 5.19 	 398.1862
1922 	 47.44 	 5.14 	 398.2492
1923 	 25.87 	 23.64 	 400.7867
1924 	 85.17 	 5.22 	 399.9164
1925 	 92.72 	 5.25 	 399.7591
1926 	 31.26 	 6.15 	 400.7867
1927 	 115.36 	 5.18 	 400.2834
1928 	 189.75 	 5.28 	 400.7028
1929 	 26.41 	 10.92 	 402.2233
1930 	 79.24 	 5.03 	 402.0555
1931 	 61.45 	 5.03 	 401.6256
1932 	 62.53 	 5.17 	 401.2900
1933 	 70.08 	 5.01 	 401.2061
1934 	 169.26 	 5.14 	 402.0450
1935 	 222.09 	 5.29 	 402.0450
1936 	 25.87 	 27.44 	 402.8839
1937 	 30.19 	 5.05 	 402.9782
1938 	 174.65 	 5.69 	 402.8839
1939 	 16.71 	 5.04 	 403.6913
1940 	 25.87 	 8.44 	 403.6179
1941 	 25.87 	 15.01 	 404.2890
1942 	 107.81 	 5.05 	 404.5301
1943 	 219.93 	 5.18 	 404.1212
1944 	 5.93 	 5.23 	 405.4529
1945 	 10.78 	 5.37 	 406.2079
1946 	 25.87 	 11.40 	 405.7360
1947 	 25.87 	 24.29 	 405.0649
1948 	 26.41 	 11.07 	 405.7884
1949 	 46.90 	 5.87 	 405.6207
1950 	 108.89 	 5.24 	 406.0401
1951 	 114.28 	 5.16 	 405.2327
1952 	 30.19 	 5.27 	 405.8199
1953 	 31.26 	 5.02 	 405.0649
1954 	 90.56 	 5.02 	 405.7360
1955 	 135.84 	 5.10 	 405.0649
1956 	 25.87 	 11.49 	 406.4910
1957 	 25.87 	 10.54 	 407.1621
1958 	 44.74 	 5.16 	 407.0467
1959 	 38.81 	 5.17 	 406.3232
1960 	 80.86 	 5.53 	 406.4071
1961 	 45.28 	 5.23 	 407.8856
1962 	 25.87 	 5.10 	 407.9170
1963 	 58.22 	 5.32 	 408.2526
1964 	 66.84 	 5.02 	 408.1477
1965 	 230.71 	 5.41 	 408.6510
1966 	 342.84 	 5.40 	 407.4766
1967 	 541.21 	 5.01 	 407.8122
1968 	 19.41 	 5.08 	 409.1858
1969 	 22.64 	 5.00 	 410.1820
1970 	 133.68 	 5.00 	 409.9303
1971 	 243.65 	 5.32 	 409.9932
