# 	 DM 	 SNR 	 Arrival Time (sec)
1 	 25.87 	 14.67 	 3.5022
2 	 25.87 	 14.23 	 4.2572
3 	 25.87 	 11.10 	 4.9283
4 	 25.87 	 18.34 	 5.6833
5 	 25.87 	 18.09 	 10.6955
6 	 25.87 	 25.72 	 11.3875
7 	 28.03 	 9.07 	 10.6850
8 	 25.87 	 16.63 	 13.5686
9 	 25.87 	 10.66 	 14.2397
10 	 25.87 	 12.84 	 14.9108
11 	 25.87 	 9.57 	 17.0918
12 	 25.87 	 8.80 	 19.2728
13 	 25.87 	 19.53 	 21.2651
14 	 25.87 	 30.54 	 22.1250
15 	 25.87 	 13.25 	 22.7751
16 	 25.87 	 19.05 	 24.2850
17 	 25.87 	 18.44 	 24.9771
18 	 25.87 	 20.19 	 25.6482
19 	 26.41 	 8.10 	 26.4136
20 	 25.87 	 19.92 	 28.5003
21 	 25.87 	 30.80 	 29.2553
22 	 25.87 	 15.19 	 29.9264
23 	 25.87 	 8.22 	 30.6604
24 	 25.87 	 10.12 	 32.1074
25 	 25.87 	 32.64 	 32.7785
26 	 25.87 	 18.00 	 33.5335
27 	 25.87 	 12.04 	 34.9595
28 	 25.87 	 14.43 	 35.7145
29 	 25.87 	 32.59 	 36.3856
30 	 26.41 	 11.17 	 37.1510
31 	 25.87 	 12.63 	 39.2377
32 	 25.87 	 8.32 	 39.9927
33 	 25.87 	 18.58 	 41.4188
34 	 25.87 	 28.15 	 42.0898
35 	 25.87 	 16.59 	 44.9420
36 	 25.87 	 17.05 	 45.6969
37 	 25.87 	 15.70 	 47.1230
38 	 25.87 	 16.55 	 47.7941
39 	 25.87 	 10.17 	 48.5491
40 	 25.87 	 13.20 	 49.9751
41 	 25.87 	 12.27 	 50.6462
42 	 25.87 	 12.48 	 51.4012
43 	 25.87 	 13.86 	 52.8273
44 	 25.87 	 9.54 	 52.1352
45 	 25.87 	 30.10 	 55.0083
46 	 25.87 	 28.59 	 55.6794
47 	 25.87 	 15.18 	 58.5315
48 	 25.87 	 14.55 	 59.2865
49 	 25.87 	 10.94 	 60.7126
50 	 25.87 	 12.92 	 61.3836
51 	 25.87 	 26.21 	 62.1386
52 	 25.87 	 29.06 	 62.8097
53 	 25.87 	 8.90 	 63.5647
54 	 25.87 	 19.41 	 64.9907
55 	 25.87 	 8.54 	 64.2358
56 	 25.87 	 9.67 	 67.0879
57 	 25.87 	 29.91 	 68.5140
58 	 25.87 	 24.61 	 69.2689
59 	 26.95 	 8.67 	 69.9400
60 	 25.87 	 8.75 	 71.3661
61 	 25.87 	 26.09 	 72.1211
62 	 25.87 	 25.29 	 72.7921
63 	 25.87 	 17.15 	 73.5471
64 	 25.87 	 8.18 	 74.3021
65 	 25.87 	 13.06 	 76.3992
66 	 25.87 	 29.69 	 77.8253
67 	 25.87 	 21.52 	 78.5803
68 	 25.87 	 11.21 	 79.2514
69 	 25.87 	 23.55 	 82.8585
70 	 25.87 	 23.02 	 84.9556
71 	 25.87 	 14.15 	 86.3817
72 	 26.95 	 23.06 	 85.7106
73 	 25.87 	 15.03 	 87.8078
74 	 25.87 	 25.34 	 87.0318
75 	 25.87 	 14.25 	 88.5627
76 	 25.87 	 11.43 	 89.2128
77 	 25.87 	 22.54 	 89.9888
78 	 25.87 	 16.32 	 90.6599
79 	 25.87 	 32.58 	 91.4149
80 	 25.87 	 25.69 	 92.0859
81 	 25.87 	 14.39 	 90.7228
82 	 25.87 	 16.11 	 93.5120
83 	 25.87 	 21.15 	 94.2670
84 	 25.87 	 23.86 	 96.4480
85 	 25.87 	 41.93 	 97.1191
86 	 25.87 	 16.55 	 97.8741
87 	 25.87 	 18.03 	 104.2494
88 	 25.87 	 19.66 	 104.9834
89 	 25.87 	 20.42 	 105.6755
90 	 25.87 	 21.03 	 106.4305
91 	 25.87 	 10.44 	 107.1016
92 	 25.87 	 13.83 	 109.2826
93 	 25.87 	 8.57 	 108.5066
94 	 25.87 	 28.92 	 109.9537
95 	 25.87 	 32.55 	 110.7087
96 	 25.87 	 9.30 	 113.5608
97 	 25.87 	 14.78 	 116.3919
98 	 25.87 	 25.45 	 117.0630
99 	 25.87 	 24.28 	 117.7341
100 	 25.87 	 14.57 	 118.5939
101 	 25.87 	 41.05 	 119.2650
102 	 25.87 	 22.10 	 120.0200
103 	 25.87 	 27.33 	 122.8721
104 	 25.87 	 19.59 	 123.5432
105 	 25.87 	 13.79 	 124.2982
106 	 25.87 	 14.52 	 124.9693
107 	 26.41 	 13.15 	 125.7347
108 	 25.87 	 21.55 	 126.2905
109 	 25.87 	 30.96 	 127.1503
110 	 25.87 	 10.19 	 129.2475
111 	 25.87 	 22.43 	 130.0025
112 	 25.87 	 21.83 	 134.9517
113 	 25.87 	 19.61 	 135.7067
114 	 25.87 	 13.51 	 136.3778
115 	 25.87 	 17.51 	 135.0146
116 	 25.87 	 17.18 	 137.1328
117 	 25.87 	 20.35 	 137.8039
118 	 25.87 	 10.33 	 138.5588
119 	 25.87 	 10.79 	 139.3138
120 	 25.87 	 11.25 	 139.8800
121 	 25.87 	 27.44 	 140.7189
122 	 25.87 	 39.07 	 141.4110
123 	 25.87 	 12.59 	 142.8370
124 	 25.87 	 8.97 	 142.1659
125 	 25.87 	 10.58 	 145.5843
126 	 25.87 	 31.62 	 147.1152
127 	 25.87 	 40.55 	 147.8702
128 	 25.87 	 17.99 	 148.5413
129 	 25.87 	 27.95 	 149.9673
130 	 25.87 	 15.55 	 150.7223
131 	 25.87 	 12.12 	 151.3934
132 	 25.87 	 15.53 	 152.8195
133 	 25.87 	 27.67 	 153.5744
134 	 25.87 	 15.76 	 155.6716
135 	 25.87 	 9.69 	 157.0977
136 	 25.87 	 11.68 	 158.6076
137 	 25.87 	 37.20 	 160.0337
138 	 25.87 	 8.73 	 159.1738
139 	 25.87 	 10.98 	 160.7048
140 	 25.87 	 45.88 	 164.2070
141 	 25.87 	 8.24 	 163.5359
142 	 25.87 	 28.07 	 164.9829
143 	 25.87 	 17.27 	 165.7379
144 	 25.87 	 12.88 	 166.4090
145 	 25.87 	 11.21 	 167.8351
146 	 25.87 	 22.93 	 168.5900
147 	 25.87 	 20.98 	 170.6872
148 	 25.87 	 43.29 	 171.4422
149 	 25.87 	 19.29 	 173.6022
150 	 25.87 	 20.92 	 174.2943
151 	 25.87 	 8.90 	 175.7204
152 	 25.87 	 27.72 	 177.1464
153 	 25.87 	 35.34 	 177.8175
154 	 25.87 	 18.32 	 178.5725
155 	 25.87 	 19.39 	 179.3275
156 	 25.87 	 15.83 	 179.9986
157 	 25.87 	 11.73 	 181.4246
158 	 25.87 	 8.41 	 180.7535
159 	 25.87 	 10.43 	 182.8507
160 	 25.87 	 23.99 	 183.5008
161 	 25.87 	 40.63 	 184.2767
162 	 25.87 	 17.35 	 185.0317
163 	 25.87 	 25.82 	 187.1289
164 	 25.87 	 24.42 	 186.3529
165 	 26.41 	 20.52 	 187.1813
166 	 25.87 	 19.38 	 187.8838
167 	 25.87 	 17.27 	 188.5549
168 	 25.87 	 9.75 	 189.9810
169 	 25.87 	 8.36 	 189.3099
170 	 25.87 	 15.80 	 192.8331
171 	 25.87 	 8.93 	 193.5881
172 	 25.87 	 8.41 	 195.0142
173 	 25.87 	 11.97 	 195.6853
174 	 25.87 	 20.27 	 196.4402
175 	 25.87 	 10.45 	 197.8663
176 	 25.87 	 15.28 	 198.5374
177 	 25.87 	 22.21 	 199.2924
178 	 25.87 	 8.35 	 200.0473
179 	 25.87 	 16.62 	 202.1445
180 	 25.87 	 34.98 	 202.8995
181 	 26.41 	 18.30 	 203.5810
182 	 25.87 	 9.32 	 204.3255
183 	 25.87 	 10.61 	 204.9966
184 	 25.87 	 11.28 	 206.3178
185 	 26.95 	 12.25 	 207.1776
186 	 25.87 	 24.42 	 207.8487
187 	 25.87 	 17.05 	 208.6037
188 	 26.95 	 17.76 	 209.2748
189 	 25.87 	 17.78 	 210.0298
190 	 26.41 	 11.63 	 212.1794
191 	 25.87 	 22.89 	 214.9791
192 	 25.87 	 24.70 	 217.1601
193 	 25.87 	 21.46 	 217.8312
194 	 25.87 	 13.25 	 219.2572
195 	 25.87 	 12.95 	 220.0122
196 	 25.87 	 24.77 	 224.2904
197 	 26.41 	 17.83 	 225.0559
198 	 25.87 	 10.79 	 225.7165
199 	 25.87 	 10.31 	 226.4714
200 	 25.87 	 42.69 	 227.1425
201 	 25.87 	 21.70 	 227.8975
202 	 25.87 	 13.87 	 228.5686
203 	 25.87 	 17.13 	 229.3236
204 	 25.87 	 34.01 	 229.9947
205 	 25.87 	 29.96 	 230.7496
206 	 25.87 	 15.42 	 232.8258
207 	 25.87 	 36.04 	 233.6018
208 	 25.87 	 8.40 	 234.2728
209 	 25.87 	 8.73 	 236.3490
210 	 25.87 	 17.78 	 237.1250
211 	 25.87 	 46.67 	 237.8800
212 	 25.87 	 8.31 	 238.5301
213 	 25.87 	 9.39 	 239.9771
214 	 25.87 	 9.28 	 240.7321
215 	 25.87 	 11.04 	 241.4032
216 	 25.87 	 34.52 	 242.1581
217 	 25.87 	 43.51 	 242.8292
218 	 25.87 	 13.12 	 243.5842
219 	 25.87 	 14.53 	 244.3392
220 	 25.87 	 13.04 	 245.0103
221 	 25.87 	 14.41 	 246.4363
222 	 25.87 	 9.58 	 245.7443
223 	 25.87 	 12.29 	 247.1074
224 	 25.87 	 37.04 	 247.8624
225 	 25.87 	 10.38 	 248.6174
226 	 25.87 	 35.17 	 250.7145
227 	 25.87 	 42.57 	 251.4695
228 	 25.87 	 8.62 	 252.8956
229 	 25.87 	 31.53 	 253.5666
230 	 25.87 	 37.07 	 254.3216
231 	 25.87 	 16.07 	 254.9927
232 	 26.41 	 10.13 	 257.1842
233 	 25.87 	 13.26 	 257.8448
234 	 26.41 	 12.28 	 258.6103
235 	 25.87 	 10.51 	 259.2709
236 	 25.87 	 25.73 	 262.8780
237 	 25.87 	 19.46 	 263.6330
238 	 25.87 	 11.99 	 264.3041
239 	 25.87 	 35.88 	 265.0590
240 	 25.87 	 43.32 	 265.7301
241 	 25.87 	 36.61 	 266.4851
242 	 25.87 	 25.74 	 267.9112
243 	 26.41 	 20.38 	 269.3477
244 	 25.87 	 14.42 	 271.4344
245 	 25.87 	 12.56 	 272.1894
246 	 25.87 	 24.30 	 272.8604
247 	 25.87 	 30.38 	 273.6154
248 	 25.87 	 17.73 	 276.4675
249 	 25.87 	 27.41 	 277.1386
250 	 25.87 	 44.08 	 277.8936
251 	 25.87 	 25.20 	 279.9908
252 	 25.87 	 8.92 	 279.3197
253 	 25.87 	 35.37 	 280.7457
254 	 25.87 	 13.31 	 281.4168
255 	 25.87 	 13.72 	 283.5979
256 	 25.87 	 34.62 	 284.3528
257 	 25.87 	 23.30 	 285.0239
258 	 25.87 	 10.46 	 286.4500
259 	 25.87 	 37.50 	 287.2050
260 	 25.87 	 16.96 	 288.6310
261 	 25.87 	 25.32 	 289.3021
262 	 25.87 	 11.16 	 290.0571
263 	 25.87 	 13.63 	 290.7282
264 	 25.87 	 16.14 	 292.1542
265 	 25.87 	 12.24 	 292.9092
266 	 25.87 	 10.49 	 293.5803
267 	 25.87 	 25.87 	 296.4324
268 	 25.87 	 16.95 	 297.1874
269 	 25.87 	 36.94 	 298.6135
270 	 25.87 	 8.92 	 299.9347
271 	 25.87 	 22.88 	 302.1367
272 	 25.87 	 12.35 	 303.6466
273 	 25.87 	 8.38 	 302.7868
274 	 25.87 	 15.32 	 304.3177
275 	 25.87 	 35.78 	 304.9678
276 	 25.87 	 39.05 	 305.7438
277 	 25.87 	 8.91 	 306.4149
278 	 25.87 	 9.50 	 307.9248
279 	 25.87 	 26.86 	 308.5959
280 	 25.87 	 21.49 	 309.3509
281 	 25.87 	 10.38 	 310.0220
282 	 25.87 	 9.39 	 311.4480
283 	 25.87 	 11.25 	 312.2030
284 	 25.87 	 32.40 	 312.8741
285 	 26.41 	 24.76 	 313.6396
286 	 25.87 	 10.32 	 314.3002
287 	 25.87 	 44.32 	 318.5784
288 	 25.87 	 10.38 	 317.9073
289 	 26.41 	 33.12 	 318.6308
290 	 25.87 	 45.98 	 319.2285
291 	 26.41 	 32.21 	 319.3438
292 	 25.87 	 23.54 	 320.7594
293 	 25.87 	 33.95 	 322.8566
294 	 25.87 	 30.53 	 323.6115
295 	 26.41 	 9.85 	 324.3350
296 	 25.87 	 33.84 	 322.9195
297 	 25.87 	 9.71 	 324.3665
298 	 25.87 	 31.62 	 325.7926
299 	 25.87 	 21.35 	 326.4637
300 	 25.87 	 11.03 	 329.3158
301 	 25.87 	 12.56 	 330.0708
302 	 25.87 	 33.12 	 330.7418
303 	 25.87 	 27.13 	 331.4968
304 	 25.87 	 10.27 	 332.1679
305 	 25.87 	 10.18 	 332.9229
306 	 25.87 	 26.89 	 333.5940
307 	 25.87 	 29.22 	 335.0200
308 	 25.87 	 19.05 	 335.7750
309 	 25.87 	 19.82 	 336.4461
310 	 25.87 	 17.13 	 337.2011
311 	 25.87 	 34.34 	 338.6271
312 	 25.87 	 29.08 	 340.7243
313 	 25.87 	 34.27 	 341.4793
314 	 25.87 	 11.42 	 345.7575
315 	 25.87 	 28.67 	 346.5124
316 	 26.41 	 18.56 	 347.1940
317 	 25.87 	 31.28 	 347.9385
318 	 25.87 	 9.98 	 353.6427
319 	 25.87 	 8.63 	 356.4949
320 	 25.87 	 40.69 	 357.1660
321 	 26.41 	 24.73 	 357.9314
322 	 25.87 	 10.15 	 358.5920
323 	 25.87 	 11.64 	 359.3470
324 	 25.87 	 18.34 	 360.0181
325 	 25.87 	 24.69 	 360.7731
326 	 25.87 	 15.87 	 362.1991
327 	 26.41 	 10.47 	 364.3487
328 	 25.87 	 20.17 	 365.0512
329 	 25.87 	 37.03 	 367.9034
330 	 26.41 	 25.19 	 368.6269
331 	 25.87 	 23.44 	 369.3294
332 	 25.87 	 30.09 	 368.6583
333 	 25.87 	 14.55 	 370.7555
334 	 25.87 	 8.10 	 370.0844
335 	 25.87 	 29.57 	 371.5105
336 	 25.87 	 32.59 	 372.1816
337 	 25.87 	 13.33 	 372.9365
338 	 25.87 	 12.76 	 373.6076
339 	 25.87 	 9.50 	 375.0337
340 	 25.87 	 9.50 	 374.2577
341 	 25.87 	 12.59 	 376.4598
342 	 25.87 	 28.99 	 377.2147
343 	 25.87 	 33.36 	 378.6408
344 	 25.87 	 16.32 	 379.3119
345 	 25.87 	 16.06 	 380.7379
346 	 25.87 	 16.46 	 382.1640
347 	 25.87 	 19.48 	 382.9190
348 	 25.87 	 10.24 	 384.3450
349 	 25.87 	 17.01 	 385.0161
350 	 25.87 	 24.27 	 385.7711
351 	 25.87 	 12.27 	 387.8473
352 	 25.87 	 8.47 	 388.6232
353 	 25.87 	 11.69 	 389.3782
354 	 25.87 	 23.91 	 390.0493
355 	 25.87 	 10.34 	 390.6994
356 	 26.41 	 15.79 	 391.4858
357 	 25.87 	 24.58 	 392.2303
358 	 25.87 	 14.19 	 397.9346
359 	 25.87 	 41.08 	 398.6057
360 	 25.87 	 25.53 	 399.3607
361 	 25.87 	 23.73 	 400.7867
362 	 26.41 	 11.06 	 402.2233
363 	 25.87 	 27.70 	 402.8839
364 	 25.87 	 14.83 	 404.2890
365 	 25.87 	 8.56 	 403.6179
366 	 25.87 	 23.98 	 405.0649
367 	 25.87 	 11.59 	 405.7360
368 	 25.87 	 10.64 	 406.4910
369 	 25.87 	 11.40 	 407.1621
