# 	 DM 	 SNR 	 Arrival Time (sec)
1 	 4.31 	 10.92 	 1.1639
2 	 7.01 	 8.25 	 1.1639
3 	 8.62 	 7.11 	 1.1639
4 	 11.86 	 7.13 	 1.2897
5 	 14.02 	 7.19 	 1.2897
6 	 4.31 	 9.20 	 2.5061
7 	 5.93 	 10.44 	 2.5480
8 	 9.70 	 7.03 	 2.5900
9 	 11.86 	 7.65 	 2.6319
10 	 14.02 	 8.06 	 2.6739
11 	 14.55 	 7.49 	 3.4708
12 	 15.63 	 7.71 	 2.7158
13 	 4.31 	 9.89 	 6.8262
14 	 4.85 	 7.72 	 6.4907
15 	 5.93 	 8.98 	 6.8262
16 	 7.55 	 8.66 	 6.5326
17 	 11.86 	 9.49 	 6.9416
18 	 10.24 	 7.69 	 6.5326
19 	 11.86 	 10.12 	 6.9521
20 	 13.48 	 8.45 	 6.9940
21 	 14.02 	 7.39 	 6.6585
22 	 16.17 	 7.55 	 7.0779
23 	 18.87 	 7.71 	 6.7843
24 	 21.02 	 7.17 	 6.7843
25 	 27.49 	 7.85 	 6.8262
26 	 30.73 	 7.15 	 6.9521
27 	 32.88 	 7.04 	 6.9521
28 	 9.70 	 7.69 	 8.9653
29 	 4.85 	 7.94 	 11.4400
30 	 6.47 	 7.98 	 11.3980
31 	 10.78 	 8.73 	 11.5553
32 	 12.40 	 7.69 	 11.5658
33 	 15.09 	 9.64 	 11.6497
34 	 20.48 	 8.12 	 11.7231
35 	 21.02 	 9.19 	 11.7336
36 	 24.26 	 8.78 	 11.7336
37 	 30.19 	 7.21 	 11.8594
38 	 39.35 	 7.06 	 12.0272
39 	 53.37 	 7.04 	 12.2369
40 	 4.85 	 8.62 	 16.0956
41 	 8.09 	 9.28 	 16.1376
42 	 10.24 	 8.85 	 16.1795
43 	 12.94 	 8.81 	 16.2634
44 	 16.17 	 9.18 	 16.3054
45 	 17.79 	 7.55 	 16.3054
46 	 19.94 	 8.29 	 16.3054
47 	 22.64 	 7.90 	 16.3473
48 	 24.80 	 8.63 	 16.4312
49 	 42.05 	 7.08 	 16.8506
50 	 5.93 	 8.40 	 18.1089
51 	 4.85 	 10.23 	 17.1862
52 	 9.16 	 10.69 	 17.2281
53 	 9.16 	 8.75 	 18.1928
54 	 12.40 	 8.93 	 17.2700
55 	 13.48 	 7.39 	 18.2767
56 	 14.55 	 8.16 	 17.3539
57 	 18.33 	 7.40 	 17.2596
58 	 23.72 	 8.07 	 17.5217
59 	 105.11 	 7.10 	 17.7314
60 	 114.28 	 7.54 	 17.7734
61 	 5.39 	 8.13 	 18.9373
62 	 10.78 	 8.16 	 19.0212
63 	 9.70 	 7.06 	 18.3501
64 	 16.17 	 7.05 	 19.0212
65 	 21.56 	 7.73 	 18.4340
66 	 24.80 	 7.44 	 19.1889
67 	 29.11 	 7.05 	 18.6017
68 	 5.39 	 7.83 	 20.7513
69 	 8.09 	 7.43 	 20.7933
70 	 4.85 	 7.10 	 23.2679
71 	 5.93 	 7.77 	 22.8904
72 	 7.55 	 7.81 	 23.3098
73 	 9.70 	 7.69 	 23.0162
74 	 12.40 	 9.06 	 23.0582
75 	 21.02 	 7.44 	 23.2260
76 	 25.34 	 7.51 	 23.3098
77 	 5.39 	 9.74 	 24.1487
78 	 8.09 	 8.85 	 24.1487
79 	 12.94 	 8.38 	 24.2326
80 	 15.09 	 7.36 	 24.3165
81 	 16.71 	 8.65 	 24.3165
82 	 18.33 	 8.22 	 24.3584
83 	 23.18 	 7.41 	 24.4004
84 	 4.85 	 9.58 	 26.4136
85 	 5.39 	 10.74 	 26.0361
86 	 9.16 	 11.89 	 26.0781
87 	 11.86 	 9.09 	 26.1200
88 	 14.55 	 9.25 	 26.2039
89 	 18.87 	 8.65 	 26.2878
90 	 22.64 	 9.38 	 26.4136
91 	 27.49 	 8.35 	 26.4136
92 	 30.73 	 7.65 	 26.4136
93 	 4.85 	 7.91 	 27.2525
94 	 11.86 	 7.25 	 27.3259
95 	 38.81 	 8.40 	 26.4661
96 	 34.50 	 8.99 	 26.5709
97 	 35.04 	 9.35 	 26.5814
98 	 35.58 	 7.31 	 26.4556
99 	 40.97 	 9.26 	 26.5709
100 	 45.82 	 7.58 	 26.7911
101 	 49.59 	 7.28 	 26.6548
102 	 61.45 	 7.50 	 26.9903
103 	 89.48 	 7.15 	 27.4098
104 	 4.31 	 9.74 	 29.3916
105 	 6.47 	 8.74 	 29.3916
106 	 9.16 	 7.00 	 29.3916
107 	 10.78 	 7.42 	 29.4335
108 	 14.55 	 7.18 	 29.5174
109 	 6.47 	 9.74 	 34.0368
110 	 7.01 	 8.47 	 33.9214
111 	 7.01 	 12.14 	 34.0473
112 	 11.86 	 7.94 	 34.0473
113 	 12.40 	 8.12 	 33.7956
114 	 14.02 	 8.15 	 34.0892
115 	 22.10 	 8.48 	 34.2989
116 	 23.72 	 7.74 	 34.0053
117 	 25.34 	 7.73 	 34.3828
118 	 28.57 	 7.95 	 34.4667
119 	 30.19 	 7.66 	 34.4248
120 	 35.04 	 7.62 	 34.4248
121 	 18.33 	 7.38 	 34.2045
122 	 7.55 	 12.30 	 34.9281
123 	 10.78 	 8.81 	 35.0120
124 	 14.02 	 7.56 	 35.0434
125 	 18.33 	 7.55 	 35.1273
126 	 17.25 	 7.19 	 35.1378
127 	 18.87 	 7.20 	 35.1797
128 	 32.34 	 7.64 	 35.3790
129 	 33.42 	 7.21 	 35.3894
130 	 34.50 	 7.76 	 34.5506
131 	 34.50 	 7.07 	 35.0539
132 	 38.27 	 7.03 	 35.4733
133 	 40.97 	 7.24 	 34.6764
134 	 43.66 	 7.57 	 34.7603
135 	 72.23 	 7.12 	 35.1797
136 	 93.79 	 7.11 	 35.4314
137 	 101.88 	 7.40 	 35.6830
138 	 113.20 	 7.73 	 35.5153
139 	 4.31 	 10.34 	 34.8756
140 	 25.87 	 7.11 	 35.2951
141 	 121.83 	 7.23 	 36.0186
142 	 92.72 	 7.09 	 36.3856
143 	 168.18 	 7.39 	 36.8050
144 	 5.39 	 8.78 	 38.0738
145 	 10.78 	 7.61 	 38.0738
146 	 16.17 	 7.19 	 38.2416
147 	 5.39 	 12.21 	 40.8001
148 	 5.93 	 8.79 	 40.1290
149 	 7.01 	 10.96 	 40.8420
150 	 7.55 	 8.29 	 40.1709
151 	 9.16 	 11.58 	 40.8420
152 	 10.78 	 10.45 	 40.8001
153 	 11.32 	 8.15 	 40.2968
154 	 12.40 	 8.91 	 40.8001
155 	 12.94 	 7.44 	 40.2129
156 	 15.09 	 9.17 	 40.8001
157 	 17.25 	 8.13 	 40.3387
158 	 20.48 	 8.40 	 40.7581
159 	 21.02 	 7.97 	 40.3807
160 	 21.02 	 7.96 	 41.0937
161 	 23.72 	 8.87 	 40.8001
162 	 25.34 	 7.19 	 40.4226
163 	 25.34 	 7.50 	 40.8001
164 	 26.95 	 7.34 	 40.8001
165 	 28.03 	 7.56 	 40.5065
166 	 30.19 	 7.62 	 40.8001
167 	 36.66 	 7.47 	 40.7267
168 	 42.58 	 8.37 	 40.8420
169 	 46.36 	 7.29 	 40.8420
170 	 49.05 	 7.49 	 40.8420
171 	 4.31 	 8.33 	 41.0832
172 	 5.39 	 7.12 	 41.8382
173 	 5.39 	 7.38 	 42.1737
174 	 4.31 	 10.11 	 42.7609
175 	 9.70 	 8.72 	 42.8448
176 	 19.41 	 8.06 	 43.0755
177 	 19.41 	 8.81 	 43.0965
178 	 26.95 	 7.17 	 42.8448
179 	 7.55 	 7.60 	 44.7427
180 	 9.16 	 7.42 	 44.7847
181 	 4.31 	 7.17 	 44.6903
182 	 4.85 	 12.78 	 46.0849
183 	 7.01 	 8.91 	 46.0849
184 	 10.24 	 9.87 	 46.2107
185 	 13.48 	 9.37 	 46.3366
186 	 16.71 	 7.78 	 46.2527
187 	 20.48 	 7.36 	 46.3785
188 	 23.18 	 7.19 	 46.4205
189 	 25.34 	 7.67 	 46.4624
190 	 29.65 	 7.17 	 46.5463
191 	 6.47 	 11.75 	 46.8818
192 	 8.09 	 14.58 	 46.8818
193 	 12.94 	 9.97 	 46.9238
194 	 16.17 	 10.07 	 47.0915
195 	 18.33 	 9.55 	 47.0915
196 	 19.94 	 9.45 	 47.1335
197 	 22.64 	 9.69 	 47.1754
198 	 24.26 	 10.26 	 47.1754
199 	 26.41 	 9.26 	 47.2593
200 	 28.03 	 8.39 	 47.3013
201 	 31.80 	 8.07 	 47.3851
202 	 37.19 	 7.56 	 47.3851
203 	 40.43 	 7.15 	 47.4690
204 	 43.66 	 7.03 	 47.5529
205 	 45.28 	 7.05 	 47.5529
206 	 45.82 	 7.18 	 46.8399
207 	 60.37 	 7.18 	 47.1754
208 	 7.01 	 8.41 	 51.9150
209 	 13.48 	 7.23 	 51.3278
210 	 21.02 	 8.51 	 51.8311
211 	 30.73 	 7.30 	 51.8731
212 	 6.47 	 7.14 	 52.9636
213 	 9.70 	 8.17 	 51.9989
214 	 19.41 	 8.21 	 52.1247
215 	 21.02 	 7.18 	 52.1667
216 	 6.47 	 7.63 	 55.3229
217 	 5.39 	 8.69 	 55.4382
218 	 8.62 	 9.83 	 55.5116
219 	 10.78 	 9.06 	 54.8405
220 	 11.32 	 9.08 	 54.8510
221 	 11.86 	 9.33 	 55.5955
222 	 15.63 	 8.96 	 55.6060
223 	 17.79 	 8.33 	 55.4802
224 	 18.33 	 9.99 	 55.6479
225 	 19.41 	 8.59 	 55.3543
226 	 21.56 	 7.23 	 55.1446
227 	 23.72 	 7.48 	 55.0188
228 	 23.72 	 8.78 	 55.4382
229 	 30.19 	 10.84 	 55.8472
230 	 28.03 	 8.06 	 55.5221
231 	 30.73 	 8.16 	 55.5221
232 	 30.73 	 10.25 	 55.8996
233 	 32.34 	 7.16 	 55.1761
234 	 34.50 	 7.36 	 55.5116
235 	 34.50 	 7.41 	 55.9415
236 	 35.04 	 7.07 	 55.6060
237 	 37.73 	 7.17 	 55.6060
238 	 41.51 	 7.19 	 55.6060
239 	 42.05 	 7.06 	 55.4382
240 	 45.28 	 7.66 	 55.4277
241 	 60.37 	 8.25 	 55.6584
242 	 60.37 	 9.16 	 55.6794
243 	 63.61 	 7.73 	 55.7738
244 	 69.00 	 7.93 	 55.7633
245 	 72.23 	 7.25 	 55.7633
246 	 85.17 	 7.14 	 55.8472
247 	 6.47 	 7.77 	 56.0149
248 	 4.31 	 9.38 	 56.5182
249 	 6.47 	 8.33 	 55.9835
250 	 9.70 	 8.65 	 56.6860
251 	 20.48 	 8.69 	 56.4344
252 	 42.05 	 7.96 	 55.9310
253 	 45.28 	 7.09 	 55.9835
254 	 65.76 	 9.83 	 56.4344
255 	 72.23 	 7.36 	 56.6021
256 	 75.47 	 7.39 	 56.6021
257 	 19.41 	 7.05 	 56.7699
258 	 25.87 	 7.08 	 56.5182
259 	 29.11 	 7.20 	 56.9377
260 	 32.34 	 8.44 	 56.6860
261 	 39.89 	 7.50 	 56.0149
262 	 48.51 	 7.68 	 56.1827
263 	 61.45 	 7.61 	 56.4344
264 	 80.86 	 7.48 	 56.7699
265 	 85.17 	 7.40 	 56.8538
266 	 88.40 	 7.40 	 56.9377
267 	 98.11 	 7.64 	 57.1054
268 	 102.42 	 7.08 	 55.9310
269 	 111.04 	 7.17 	 56.9377
270 	 162.79 	 7.25 	 56.3505
271 	 122.90 	 7.50 	 57.2732
272 	 127.22 	 7.10 	 57.3571
273 	 145.54 	 7.03 	 57.8604
274 	 192.98 	 7.58 	 58.3637
275 	 198.37 	 7.31 	 58.4476
276 	 5.39 	 9.42 	 59.9681
277 	 7.01 	 8.00 	 59.9681
278 	 212.39 	 7.35 	 59.0348
279 	 218.85 	 7.28 	 58.7832
280 	 14.02 	 7.60 	 60.0939
281 	 29.65 	 7.42 	 60.3875
282 	 29.65 	 7.60 	 60.5133
283 	 36.66 	 7.27 	 60.5238
284 	 35.04 	 7.95 	 60.5553
285 	 38.81 	 7.87 	 60.5972
286 	 49.59 	 7.14 	 60.6916
287 	 54.44 	 7.08 	 60.8069
288 	 4.31 	 14.15 	 62.5580
289 	 10.78 	 8.77 	 62.6524
290 	 25.34 	 7.26 	 62.6105
291 	 28.57 	 7.42 	 62.6524
292 	 5.39 	 11.28 	 63.9946
293 	 9.70 	 10.03 	 62.6944
294 	 19.41 	 9.48 	 62.8726
295 	 14.02 	 10.19 	 62.8202
296 	 17.25 	 9.94 	 62.8097
297 	 20.48 	 11.89 	 62.8097
298 	 22.64 	 9.65 	 62.9041
299 	 26.95 	 9.69 	 62.9775
300 	 27.49 	 9.84 	 63.0299
301 	 38.81 	 9.63 	 63.0404
302 	 35.04 	 8.74 	 63.0718
303 	 38.27 	 8.09 	 63.1977
304 	 42.05 	 9.06 	 63.1977
305 	 43.66 	 8.20 	 63.2396
306 	 47.44 	 7.93 	 63.3130
307 	 47.44 	 7.67 	 63.3235
308 	 53.91 	 9.94 	 63.3759
309 	 53.91 	 8.31 	 63.3969
310 	 54.98 	 7.21 	 63.4493
311 	 58.22 	 7.37 	 63.4808
312 	 70.08 	 7.42 	 63.8163
313 	 9.16 	 10.79 	 64.0785
314 	 14.02 	 8.15 	 64.1519
315 	 13.48 	 8.42 	 64.1624
316 	 19.41 	 7.91 	 64.2463
317 	 26.95 	 7.55 	 64.3197
318 	 26.41 	 7.65 	 64.3721
319 	 116.43 	 7.09 	 64.4874
320 	 130.45 	 7.46 	 64.7391
321 	 133.68 	 7.94 	 64.8230
322 	 79.78 	 7.50 	 63.8792
323 	 92.72 	 7.40 	 64.2148
324 	 7.01 	 7.93 	 66.5531
325 	 4.85 	 9.03 	 68.6922
326 	 7.55 	 8.07 	 68.7342
327 	 9.16 	 7.92 	 68.7342
328 	 12.94 	 7.67 	 68.8600
329 	 18.33 	 8.50 	 68.9439
330 	 7.01 	 9.26 	 70.4958
331 	 12.94 	 8.05 	 70.5797
332 	 16.17 	 7.12 	 70.6635
333 	 19.41 	 7.68 	 70.6635
334 	 21.56 	 7.18 	 70.7474
335 	 25.34 	 7.27 	 70.7894
336 	 17.25 	 7.15 	 70.6950
337 	 5.39 	 8.95 	 72.2574
338 	 6.47 	 9.33 	 72.8446
339 	 9.70 	 8.99 	 72.9285
340 	 10.24 	 7.27 	 72.3413
341 	 12.94 	 7.68 	 73.0123
342 	 16.17 	 8.34 	 72.9599
343 	 17.25 	 9.15 	 73.0962
344 	 21.56 	 8.28 	 73.1382
345 	 23.72 	 7.27 	 73.1382
346 	 4.31 	 8.86 	 73.9351
347 	 5.39 	 8.58 	 74.4384
348 	 7.01 	 9.15 	 73.9770
349 	 8.09 	 8.58 	 74.4804
350 	 11.86 	 7.82 	 74.1029
351 	 14.55 	 7.17 	 74.1448
352 	 18.33 	 7.61 	 74.2287
353 	 25.34 	 7.26 	 74.3126
354 	 29.65 	 7.24 	 74.3965
355 	 47.44 	 7.19 	 73.6310
356 	 18.33 	 7.37 	 74.5538
357 	 10.78 	 7.51 	 76.6299
358 	 10.78 	 7.56 	 76.6194
359 	 13.48 	 7.06 	 76.7033
360 	 5.39 	 12.40 	 78.8424
361 	 8.62 	 10.02 	 78.9263
362 	 12.94 	 8.77 	 78.9683
363 	 15.63 	 7.29 	 79.0521
364 	 17.25 	 8.79 	 79.0521
365 	 21.02 	 7.03 	 79.1780
366 	 23.72 	 7.93 	 79.2199
367 	 25.87 	 8.03 	 79.2619
368 	 28.03 	 7.91 	 79.3038
369 	 5.39 	 12.72 	 80.8557
370 	 10.24 	 9.57 	 80.9396
371 	 12.40 	 9.24 	 80.9815
372 	 14.02 	 9.40 	 80.9815
373 	 16.17 	 8.94 	 81.0235
374 	 17.79 	 8.95 	 81.0654
375 	 20.48 	 8.71 	 81.1074
376 	 23.18 	 8.89 	 81.1493
377 	 25.87 	 7.73 	 81.1912
378 	 29.65 	 7.24 	 81.3171
379 	 35.58 	 7.24 	 81.4010
380 	 5.39 	 7.61 	 81.9043
381 	 5.39 	 7.46 	 82.7012
382 	 7.01 	 8.83 	 82.7012
383 	 10.24 	 7.83 	 81.9462
384 	 10.78 	 7.16 	 82.7851
385 	 8.62 	 9.79 	 83.6764
386 	 8.09 	 10.78 	 83.7917
387 	 10.78 	 8.78 	 83.7917
388 	 17.25 	 7.45 	 83.8441
389 	 22.64 	 8.11 	 84.0014
390 	 26.41 	 7.29 	 84.1273
391 	 4.85 	 10.44 	 84.2950
392 	 8.09 	 10.64 	 84.3789
393 	 11.86 	 10.63 	 84.5047
394 	 14.55 	 9.79 	 84.5047
395 	 19.41 	 8.95 	 84.5886
396 	 22.64 	 8.10 	 84.5467
397 	 32.34 	 9.50 	 84.7879
398 	 32.88 	 9.50 	 84.7983
399 	 38.81 	 7.74 	 84.3684
400 	 40.97 	 7.85 	 84.8717
401 	 38.81 	 7.19 	 84.3789
402 	 38.81 	 7.04 	 84.7983
403 	 39.89 	 7.40 	 84.9661
404 	 44.20 	 7.78 	 84.4523
405 	 48.51 	 8.93 	 84.9556
406 	 49.05 	 8.39 	 85.0081
407 	 59.83 	 7.64 	 85.1758
408 	 66.84 	 7.55 	 85.1863
409 	 56.06 	 7.79 	 85.2073
410 	 60.37 	 7.74 	 84.5152
411 	 12.94 	 7.18 	 85.7211
412 	 28.03 	 8.05 	 85.8574
413 	 92.72 	 8.18 	 85.8574
414 	 95.95 	 7.30 	 85.7945
415 	 115.36 	 9.16 	 85.7945
416 	 6.47 	 7.46 	 85.5219
417 	 73.31 	 7.72 	 85.5428
418 	 81.94 	 8.07 	 85.5219
419 	 87.33 	 7.39 	 85.5428
420 	 101.34 	 7.27 	 85.6267
421 	 123.98 	 7.20 	 86.4656
422 	 159.56 	 7.07 	 86.9689
423 	 174.65 	 8.63 	 87.0318
424 	 194.06 	 8.85 	 87.5351
425 	 224.25 	 7.96 	 88.0594
426 	 105.65 	 7.41 	 87.3674
427 	 8.62 	 8.64 	 88.3740
428 	 13.48 	 7.76 	 88.6152
429 	 269.53 	 7.37 	 88.8773
430 	 150.93 	 7.12 	 88.3740
431 	 7.01 	 7.95 	 90.5445
432 	 11.32 	 7.46 	 90.6284
433 	 12.94 	 7.79 	 90.6704
434 	 14.55 	 7.69 	 90.6704
435 	 24.80 	 7.06 	 90.8381
436 	 4.85 	 11.98 	 91.9706
437 	 9.16 	 8.24 	 92.0545
438 	 11.32 	 8.16 	 92.1384
439 	 12.94 	 8.86 	 92.0964
440 	 14.55 	 8.34 	 92.1384
441 	 17.79 	 7.08 	 92.1803
442 	 16.71 	 8.48 	 92.2223
443 	 22.64 	 7.85 	 92.2642
444 	 24.26 	 7.11 	 92.3061
445 	 4.85 	 11.34 	 94.2775
446 	 4.85 	 8.36 	 94.8647
447 	 8.62 	 13.57 	 94.3614
448 	 12.40 	 14.79 	 94.4452
449 	 14.02 	 11.68 	 94.4872
450 	 18.33 	 11.26 	 94.5711
451 	 19.94 	 10.42 	 94.6130
452 	 23.72 	 12.11 	 94.6550
453 	 25.87 	 9.75 	 94.6969
454 	 30.73 	 9.32 	 94.8227
455 	 33.42 	 9.61 	 94.7808
456 	 35.58 	 8.33 	 94.8227
457 	 38.27 	 7.78 	 94.8647
458 	 8.09 	 7.28 	 94.9066
459 	 11.86 	 7.40 	 95.0220
460 	 51.75 	 8.48 	 95.0849
461 	 46.36 	 8.07 	 95.0744
462 	 51.75 	 8.86 	 95.1058
463 	 54.44 	 7.11 	 95.1163
464 	 31.26 	 8.06 	 94.8542
465 	 40.97 	 8.09 	 94.9381
466 	 4.85 	 9.24 	 97.7168
467 	 8.62 	 9.82 	 97.7063
468 	 10.78 	 8.34 	 97.6749
469 	 12.40 	 9.36 	 97.7168
470 	 14.02 	 8.46 	 97.7587
471 	 16.71 	 8.57 	 97.8007
472 	 19.41 	 7.60 	 97.8007
473 	 21.02 	 7.58 	 98.0523
474 	 24.80 	 8.49 	 98.0523
475 	 29.65 	 7.68 	 98.0523
476 	 31.26 	 8.59 	 98.0943
477 	 33.42 	 8.17 	 98.1362
478 	 35.04 	 8.29 	 98.1362
479 	 40.97 	 7.43 	 98.2935
480 	 46.90 	 7.05 	 98.3879
481 	 5.93 	 9.91 	 99.4784
482 	 9.16 	 9.17 	 99.5203
483 	 11.86 	 9.35 	 99.6042
484 	 15.09 	 8.99 	 99.6357
485 	 19.41 	 7.34 	 99.6881
486 	 5.39 	 11.22 	 101.6594
487 	 8.09 	 10.23 	 101.7014
488 	 12.40 	 9.03 	 101.7853
489 	 14.02 	 7.38 	 101.8272
490 	 16.17 	 8.41 	 101.8272
491 	 20.48 	 8.73 	 101.9006
492 	 21.56 	 7.34 	 101.9530
493 	 30.19 	 7.03 	 102.1523
494 	 4.31 	 9.36 	 104.9310
495 	 4.85 	 8.34 	 105.2665
496 	 7.01 	 9.49 	 105.3085
497 	 7.55 	 8.47 	 104.6374
498 	 9.16 	 8.14 	 105.3504
499 	 10.24 	 7.68 	 104.6374
500 	 12.94 	 7.78 	 105.3399
501 	 15.09 	 7.45 	 105.4343
502 	 17.25 	 8.30 	 104.7527
503 	 16.71 	 7.35 	 105.4763
504 	 17.79 	 9.38 	 104.8052
505 	 18.33 	 7.21 	 105.5182
506 	 19.41 	 7.03 	 104.8052
507 	 21.02 	 8.51 	 104.8471
508 	 24.26 	 8.21 	 104.9310
509 	 26.41 	 7.00 	 104.8891
510 	 30.73 	 7.80 	 104.9310
511 	 7.55 	 8.08 	 105.0044
512 	 14.02 	 7.15 	 105.0883
513 	 12.94 	 8.61 	 105.8223
514 	 10.78 	 11.50 	 105.8433
515 	 10.78 	 14.35 	 105.8537
516 	 16.17 	 11.72 	 106.0110
517 	 15.63 	 11.91 	 106.0635
518 	 20.48 	 11.85 	 106.0949
519 	 24.26 	 8.83 	 106.1893
520 	 24.80 	 7.09 	 105.6440
521 	 26.41 	 9.17 	 106.2732
522 	 32.34 	 8.37 	 105.6545
523 	 30.19 	 11.07 	 106.2627
524 	 32.34 	 8.22 	 105.7594
525 	 30.73 	 8.15 	 106.1054
526 	 30.73 	 11.41 	 106.2732
527 	 33.42 	 8.27 	 105.7279
528 	 33.96 	 8.26 	 105.8537
529 	 34.50 	 10.02 	 106.2627
530 	 36.66 	 8.13 	 105.8118
531 	 38.81 	 9.09 	 106.4305
532 	 42.05 	 11.06 	 106.4305
533 	 41.51 	 8.40 	 105.8957
534 	 42.58 	 9.40 	 106.3990
535 	 45.28 	 8.09 	 105.9796
536 	 51.75 	 7.40 	 105.9901
537 	 46.90 	 7.97 	 105.8957
538 	 46.90 	 7.17 	 106.5668
539 	 49.05 	 7.61 	 106.5668
540 	 52.83 	 9.11 	 106.5982
541 	 52.29 	 7.21 	 106.0635
542 	 52.29 	 7.91 	 106.6507
543 	 52.83 	 7.65 	 106.5248
544 	 56.06 	 10.24 	 106.5982
545 	 61.45 	 7.78 	 106.5982
546 	 60.91 	 7.39 	 106.6507
547 	 66.84 	 7.47 	 106.8499
548 	 9.70 	 10.13 	 107.0177
549 	 9.16 	 8.92 	 107.0282
550 	 12.94 	 7.55 	 107.0701
551 	 84.09 	 8.44 	 106.9967
552 	 17.25 	 8.70 	 107.1016
553 	 21.56 	 8.90 	 107.1854
554 	 25.87 	 8.38 	 107.2693
555 	 30.19 	 7.02 	 107.3532
556 	 33.42 	 7.23 	 107.4371
557 	 71.15 	 7.21 	 107.0177
558 	 75.47 	 8.24 	 107.0177
559 	 90.56 	 7.42 	 107.0177
560 	 91.64 	 7.73 	 107.3532
561 	 100.26 	 7.36 	 107.4371
562 	 103.50 	 7.31 	 107.5210
563 	 107.81 	 7.67 	 107.4371
564 	 113.20 	 7.05 	 107.5210
565 	 4.31 	 11.60 	 109.0834
566 	 7.01 	 8.66 	 109.1253
567 	 10.78 	 8.34 	 109.1987
568 	 10.78 	 7.93 	 109.2092
569 	 17.25 	 7.95 	 109.2826
570 	 16.17 	 8.31 	 109.2931
571 	 18.87 	 8.27 	 109.3770
572 	 20.48 	 8.04 	 109.3770
573 	 22.10 	 8.31 	 109.4189
574 	 25.87 	 7.54 	 109.5028
575 	 5.39 	 9.21 	 111.3483
576 	 11.32 	 7.84 	 111.4322
577 	 4.31 	 7.43 	 113.1938
578 	 5.93 	 9.64 	 112.3549
579 	 6.47 	 7.79 	 113.1099
580 	 8.09 	 9.12 	 112.4388
581 	 13.48 	 7.84 	 112.5227
582 	 15.09 	 7.24 	 112.5646
583 	 17.25 	 7.77 	 112.6066
584 	 4.31 	 9.12 	 114.4940
585 	 4.31 	 9.43 	 114.9134
586 	 5.93 	 8.25 	 114.9554
587 	 7.55 	 8.58 	 114.5360
588 	 11.32 	 8.14 	 114.6618
589 	 13.48 	 7.70 	 114.6618
590 	 15.09 	 7.07 	 114.6618
591 	 16.71 	 7.13 	 114.7037
592 	 19.94 	 7.22 	 114.7876
593 	 13.48 	 7.51 	 115.0393
594 	 22.64 	 7.62 	 115.1546
595 	 32.34 	 7.34 	 114.8820
596 	 36.66 	 7.17 	 114.9868
597 	 7.55 	 7.72 	 122.0438
598 	 9.70 	 7.37 	 122.0438
599 	 24.80 	 7.25 	 122.3793
600 	 6.47 	 8.52 	 123.5432
601 	 8.62 	 8.19 	 123.5537
602 	 10.24 	 9.19 	 123.5957
603 	 14.02 	 7.29 	 123.6376
604 	 18.33 	 7.24 	 123.6795
605 	 15.09 	 7.90 	 125.0637
606 	 4.85 	 7.37 	 126.6156
607 	 7.55 	 11.36 	 127.0350
608 	 9.16 	 10.97 	 127.0769
609 	 11.32 	 11.65 	 127.0769
610 	 15.09 	 9.96 	 127.2028
611 	 19.41 	 9.06 	 127.2342
612 	 21.56 	 9.93 	 127.2447
613 	 25.34 	 10.67 	 127.3705
614 	 29.65 	 8.53 	 127.4544
615 	 32.88 	 7.88 	 127.4544
616 	 38.27 	 7.30 	 127.5802
617 	 47.44 	 7.59 	 127.7375
618 	 8.62 	 10.00 	 129.1426
619 	 8.62 	 9.53 	 128.7966
620 	 9.70 	 9.42 	 129.1636
621 	 12.94 	 11.15 	 128.9119
622 	 12.40 	 7.63 	 129.2999
623 	 14.02 	 9.73 	 128.9224
624 	 16.17 	 8.23 	 129.3314
625 	 18.33 	 8.45 	 128.9644
626 	 19.94 	 9.04 	 128.7546
627 	 20.48 	 9.17 	 128.9644
628 	 29.11 	 9.82 	 129.0797
629 	 29.65 	 8.10 	 128.9224
630 	 29.65 	 10.13 	 129.1321
631 	 36.66 	 9.92 	 129.3104
632 	 37.73 	 10.25 	 129.3314
633 	 38.81 	 8.16 	 129.3418
634 	 40.97 	 7.02 	 129.3418
635 	 47.44 	 9.32 	 129.4782
636 	 50.67 	 8.21 	 129.3314
637 	 53.91 	 7.54 	 129.4152
638 	 60.37 	 8.55 	 129.4782
639 	 22.64 	 8.37 	 129.4991
640 	 47.44 	 8.26 	 129.3314
641 	 233.95 	 7.67 	 129.2475
642 	 437.71 	 7.26 	 129.3104
643 	 5.93 	 8.35 	 129.8452
644 	 4.31 	 8.79 	 130.8203
645 	 9.70 	 9.94 	 130.9252
646 	 10.78 	 8.18 	 130.9776
647 	 10.24 	 7.04 	 130.3485
648 	 12.94 	 8.13 	 130.0025
649 	 20.48 	 8.37 	 130.9252
650 	 18.33 	 7.75 	 130.9252
651 	 19.41 	 7.96 	 130.0863
652 	 24.80 	 7.33 	 130.1702
653 	 28.03 	 10.50 	 130.6526
654 	 26.95 	 7.34 	 130.9252
655 	 28.03 	 9.31 	 130.5897
656 	 31.26 	 8.77 	 130.3380
657 	 33.42 	 9.73 	 130.7574
658 	 37.73 	 7.47 	 130.7574
659 	 42.05 	 7.20 	 130.3380
660 	 43.12 	 7.61 	 129.8347
661 	 43.12 	 7.51 	 130.5897
662 	 48.51 	 7.48 	 129.8347
663 	 49.59 	 8.77 	 130.6526
664 	 56.06 	 11.42 	 130.6526
665 	 66.84 	 9.29 	 130.1493
666 	 62.53 	 7.78 	 129.7508
667 	 64.69 	 7.99 	 130.0863
668 	 66.84 	 7.56 	 130.9252
669 	 67.92 	 7.73 	 130.1702
670 	 72.23 	 7.40 	 130.0863
671 	 81.94 	 8.94 	 130.1493
672 	 88.40 	 11.26 	 130.6526
673 	 88.40 	 7.35 	 130.6735
674 	 99.19 	 10.56 	 130.6526
675 	 100.26 	 8.77 	 130.6735
676 	 100.26 	 7.08 	 130.9252
677 	 118.59 	 9.83 	 130.6526
678 	 116.43 	 7.58 	 130.7574
679 	 119.67 	 7.63 	 130.6735
680 	 120.75 	 7.79 	 130.9252
681 	 131.53 	 9.64 	 130.6526
682 	 138.00 	 9.33 	 130.6526
683 	 131.53 	 7.00 	 130.9252
684 	 141.23 	 8.09 	 130.6735
685 	 156.32 	 7.68 	 131.0091
686 	 191.90 	 9.53 	 130.6526
687 	 196.21 	 8.90 	 130.6735
688 	 202.68 	 7.87 	 129.8137
689 	 207.00 	 8.83 	 130.8203
690 	 207.00 	 7.33 	 130.9252
691 	 217.78 	 7.76 	 130.6526
692 	 122.90 	 7.05 	 129.8137
693 	 168.18 	 8.30 	 129.8137
694 	 172.50 	 7.46 	 130.6526
695 	 215.62 	 7.24 	 130.8203
696 	 247.96 	 7.44 	 130.8203
697 	 362.24 	 7.59 	 130.8203
698 	 25.87 	 9.15 	 131.3237
699 	 36.66 	 8.87 	 131.4914
700 	 36.66 	 7.73 	 131.3446
701 	 60.37 	 9.15 	 131.6592
702 	 60.37 	 8.12 	 131.7641
703 	 71.15 	 8.94 	 130.9881
704 	 79.78 	 8.71 	 131.3237
705 	 86.25 	 8.92 	 131.3237
706 	 86.25 	 10.52 	 132.1625
707 	 93.79 	 7.04 	 131.4285
708 	 109.97 	 9.97 	 131.1559
709 	 127.22 	 10.19 	 130.9881
710 	 146.62 	 9.89 	 131.3237
711 	 149.86 	 8.26 	 131.3446
712 	 232.87 	 8.61 	 131.1559
713 	 15.09 	 11.54 	 131.1559
714 	 45.28 	 10.38 	 130.9881
715 	 69.00 	 7.86 	 131.8270
716 	 120.75 	 11.58 	 131.1559
717 	 140.15 	 7.61 	 132.1625
718 	 148.78 	 7.36 	 131.9947
719 	 157.40 	 8.09 	 131.8270
720 	 161.72 	 9.39 	 131.3237
721 	 166.03 	 7.12 	 132.1625
722 	 181.12 	 8.87 	 131.6592
723 	 187.59 	 8.52 	 131.9947
724 	 189.75 	 7.27 	 131.3237
725 	 196.21 	 8.24 	 131.4914
726 	 213.46 	 7.66 	 131.8270
727 	 222.09 	 7.78 	 132.1625
728 	 224.25 	 7.59 	 131.1559
729 	 291.09 	 8.49 	 130.9881
730 	 433.40 	 7.27 	 131.8270
731 	 4.85 	 11.32 	 133.4523
732 	 9.16 	 9.02 	 133.4942
733 	 14.02 	 7.38 	 133.6620
734 	 15.63 	 8.03 	 133.6620
735 	 17.25 	 8.65 	 133.6620
736 	 19.94 	 8.38 	 133.7459
737 	 22.10 	 7.98 	 133.7459
738 	 103.50 	 8.96 	 132.3303
739 	 109.97 	 8.78 	 132.3303
740 	 116.43 	 10.04 	 132.4981
741 	 122.90 	 9.45 	 133.0014
742 	 129.37 	 8.63 	 132.6658
743 	 140.15 	 8.77 	 133.1692
744 	 148.78 	 8.46 	 132.4981
745 	 153.09 	 8.50 	 133.5047
746 	 172.50 	 8.51 	 133.0014
747 	 183.28 	 8.49 	 133.3369
748 	 200.53 	 8.54 	 132.6658
749 	 207.00 	 7.13 	 132.6658
750 	 230.71 	 9.05 	 132.6658
751 	 254.43 	 7.11 	 133.3369
752 	 273.84 	 7.40 	 133.3369
753 	 5.39 	 7.68 	 133.8298
754 	 5.93 	 10.20 	 135.0042
755 	 7.55 	 10.29 	 134.9622
756 	 9.16 	 8.11 	 133.9136
757 	 11.32 	 7.26 	 135.0461
758 	 13.48 	 9.45 	 135.0880
759 	 15.09 	 8.16 	 135.1300
760 	 16.71 	 7.33 	 135.0880
761 	 30.19 	 8.00 	 133.8402
762 	 28.57 	 7.71 	 133.9136
763 	 30.19 	 7.17 	 133.9136
764 	 31.80 	 7.03 	 133.9136
765 	 35.04 	 7.94 	 133.9975
766 	 40.97 	 7.36 	 134.1653
767 	 241.49 	 9.61 	 134.3436
768 	 168.18 	 8.11 	 133.6725
769 	 178.96 	 7.30 	 134.0080
770 	 189.75 	 7.76 	 134.1758
771 	 196.21 	 10.35 	 133.6725
772 	 207.00 	 8.81 	 133.6725
773 	 219.93 	 8.36 	 133.8402
774 	 226.40 	 7.47 	 134.5113
775 	 228.56 	 9.00 	 134.0080
776 	 245.81 	 8.36 	 133.6725
777 	 247.96 	 8.04 	 134.5113
778 	 260.90 	 8.13 	 134.8469
779 	 267.37 	 8.66 	 134.8469
780 	 286.77 	 7.53 	 134.5113
781 	 299.71 	 7.01 	 134.8469
782 	 308.34 	 8.09 	 134.5113
783 	 256.59 	 7.51 	 135.0146
784 	 269.53 	 7.53 	 135.3502
785 	 286.77 	 8.53 	 135.3502
786 	 297.56 	 7.15 	 135.0146
787 	 299.71 	 7.71 	 135.8535
788 	 310.49 	 7.35 	 135.6857
789 	 316.96 	 7.92 	 135.6857
790 	 323.43 	 7.97 	 135.3502
791 	 338.52 	 7.37 	 136.1891
792 	 362.24 	 7.20 	 136.1891
793 	 379.49 	 7.08 	 136.1891
794 	 4.85 	 13.45 	 136.7658
795 	 4.85 	 7.26 	 137.4788
796 	 8.62 	 8.85 	 136.8077
797 	 10.24 	 8.40 	 136.8497
798 	 12.40 	 9.70 	 136.8497
799 	 14.55 	 9.41 	 136.8916
800 	 16.17 	 8.95 	 136.8916
801 	 21.56 	 8.11 	 137.0489
802 	 349.30 	 7.71 	 136.6924
803 	 357.93 	 7.32 	 136.5246
804 	 377.34 	 7.18 	 137.0279
805 	 392.43 	 7.33 	 136.5246
806 	 4.31 	 12.35 	 142.0086
807 	 4.31 	 10.05 	 142.3442
808 	 5.93 	 11.99 	 142.0086
809 	 7.01 	 11.59 	 142.4281
810 	 8.09 	 9.97 	 141.8828
811 	 9.16 	 9.63 	 142.0506
812 	 10.24 	 10.83 	 142.4700
813 	 13.48 	 11.50 	 142.5539
814 	 15.63 	 8.98 	 142.1764
815 	 16.71 	 9.40 	 142.0506
816 	 16.71 	 7.96 	 142.5959
817 	 18.87 	 8.86 	 142.0925
818 	 22.64 	 8.77 	 142.6378
819 	 24.80 	 8.18 	 142.3337
820 	 25.87 	 8.64 	 142.3442
821 	 25.87 	 7.36 	 142.8056
822 	 27.49 	 7.12 	 142.8056
823 	 31.26 	 8.06 	 142.8895
824 	 30.73 	 9.56 	 142.5120
825 	 35.58 	 9.53 	 142.5854
826 	 34.50 	 8.39 	 142.8895
827 	 35.58 	 10.06 	 142.5539
828 	 40.43 	 8.32 	 142.5959
829 	 40.97 	 7.81 	 143.0153
830 	 43.12 	 7.80 	 143.0572
831 	 43.66 	 9.26 	 142.6378
832 	 44.74 	 7.40 	 143.0992
833 	 46.90 	 7.81 	 142.6797
834 	 47.98 	 7.53 	 143.1411
835 	 48.51 	 7.29 	 142.6378
836 	 49.59 	 7.81 	 143.1831
837 	 50.67 	 7.19 	 142.6797
838 	 54.44 	 7.90 	 142.8056
839 	 54.98 	 8.21 	 142.6797
840 	 56.60 	 7.04 	 142.6797
841 	 4.85 	 8.71 	 143.8961
842 	 54.44 	 7.97 	 143.2250
843 	 58.76 	 7.59 	 143.4347
844 	 17.25 	 7.01 	 144.0953
845 	 9.70 	 7.86 	 146.4441
846 	 4.31 	 8.44 	 146.3602
847 	 8.09 	 8.08 	 147.7968
848 	 9.70 	 7.70 	 147.7968
849 	 7.55 	 7.08 	 151.1103
850 	 44.20 	 7.35 	 151.0264
851 	 5.39 	 9.46 	 152.8300
852 	 7.01 	 8.01 	 152.8719
853 	 4.85 	 8.35 	 154.2141
854 	 5.93 	 12.33 	 154.9271
855 	 7.55 	 10.53 	 154.9271
856 	 9.16 	 8.16 	 154.3399
857 	 9.70 	 10.81 	 154.9690
858 	 17.25 	 9.89 	 154.4133
859 	 14.55 	 10.59 	 155.0529
860 	 15.63 	 9.51 	 154.4657
861 	 16.71 	 9.25 	 155.0529
862 	 17.25 	 10.00 	 154.4657
863 	 19.94 	 10.01 	 154.5496
864 	 21.02 	 10.90 	 155.1368
865 	 24.26 	 8.93 	 155.2207
866 	 24.26 	 8.79 	 154.6335
867 	 25.87 	 7.58 	 154.6754
868 	 25.87 	 10.17 	 155.2626
869 	 29.11 	 8.64 	 154.7174
870 	 30.73 	 9.32 	 154.7593
871 	 32.88 	 7.62 	 154.7593
872 	 36.66 	 7.18 	 154.8013
873 	 36.66 	 7.33 	 154.9271
874 	 40.43 	 8.29 	 154.8852
875 	 42.58 	 7.32 	 154.9690
876 	 49.59 	 8.15 	 155.0844
877 	 54.44 	 8.13 	 155.1788
878 	 64.69 	 7.19 	 155.1683
879 	 4.31 	 8.25 	 156.3951
880 	 5.39 	 10.52 	 155.3360
881 	 8.09 	 9.06 	 155.3885
882 	 17.25 	 8.61 	 155.1473
883 	 13.48 	 8.05 	 155.5143
884 	 17.25 	 8.55 	 155.5877
885 	 15.09 	 7.42 	 156.5629
886 	 21.56 	 8.07 	 155.6716
887 	 30.19 	 8.33 	 155.3151
888 	 30.19 	 10.98 	 155.3360
889 	 30.19 	 10.42 	 155.3046
890 	 33.42 	 9.41 	 155.3360
891 	 37.19 	 10.25 	 155.4724
892 	 39.35 	 8.88 	 155.4304
893 	 43.12 	 8.89 	 155.5038
894 	 43.12 	 8.99 	 155.5143
895 	 49.59 	 8.61 	 155.5877
896 	 49.05 	 8.04 	 155.6401
897 	 54.98 	 7.76 	 155.7555
898 	 64.69 	 7.42 	 155.8918
899 	 31.26 	 7.95 	 155.7555
900 	 30.19 	 7.35 	 156.5105
901 	 48.51 	 7.62 	 156.0910
902 	 51.75 	 7.83 	 156.1749
903 	 60.37 	 7.71 	 155.7555
904 	 69.00 	 7.10 	 155.2522
905 	 70.08 	 7.78 	 155.9233
906 	 73.31 	 7.08 	 155.3360
907 	 90.56 	 7.36 	 156.5105
908 	 91.64 	 7.19 	 156.1749
909 	 84.09 	 7.23 	 155.4828
910 	 15.09 	 8.31 	 156.5943
911 	 26.95 	 7.23 	 156.7621
912 	 38.81 	 8.10 	 156.4895
913 	 38.81 	 7.55 	 156.5943
914 	 93.79 	 8.39 	 156.5943
915 	 107.81 	 7.44 	 156.9928
916 	 108.89 	 7.40 	 156.5943
917 	 109.97 	 7.86 	 156.9299
918 	 123.98 	 7.51 	 157.0138
919 	 128.29 	 7.19 	 157.0977
920 	 133.68 	 7.70 	 156.7621
921 	 135.84 	 7.00 	 157.1815
922 	 146.62 	 7.70 	 157.3283
923 	 152.01 	 8.52 	 156.5943
924 	 155.25 	 7.23 	 156.5943
925 	 156.32 	 7.58 	 157.1815
926 	 159.56 	 9.00 	 157.2654
927 	 163.87 	 7.61 	 156.6573
928 	 163.87 	 8.24 	 156.7621
929 	 168.18 	 8.10 	 156.8460
930 	 169.26 	 7.47 	 157.4332
931 	 171.42 	 7.32 	 156.8460
932 	 172.50 	 7.51 	 157.5171
933 	 176.81 	 7.84 	 157.3493
934 	 182.20 	 7.66 	 157.3493
935 	 191.90 	 8.30 	 157.3283
936 	 191.90 	 7.98 	 157.4332
937 	 195.14 	 7.13 	 157.4332
938 	 202.68 	 7.09 	 157.7687
939 	 215.62 	 8.20 	 157.4961
940 	 215.62 	 7.67 	 157.5171
941 	 219.93 	 7.42 	 157.6010
942 	 6.47 	 8.89 	 158.1882
943 	 7.01 	 7.43 	 158.1987
944 	 13.48 	 7.27 	 158.3664
945 	 247.96 	 7.36 	 157.9994
946 	 263.06 	 7.14 	 158.1672
947 	 291.09 	 7.69 	 159.6772
948 	 301.87 	 7.66 	 159.8449
949 	 308.34 	 7.57 	 160.1805
950 	 319.12 	 7.82 	 160.3482
951 	 4.31 	 7.41 	 161.8058
952 	 24.80 	 7.76 	 164.2280
953 	 26.41 	 9.05 	 164.2804
954 	 5.93 	 14.17 	 165.3709
955 	 8.09 	 12.97 	 165.4129
956 	 10.24 	 12.44 	 165.4548
957 	 11.86 	 12.71 	 165.4967
958 	 14.55 	 11.98 	 165.5387
959 	 16.17 	 12.93 	 165.5387
960 	 17.79 	 10.48 	 165.5387
961 	 21.56 	 11.91 	 165.6645
962 	 24.26 	 10.98 	 165.7065
963 	 28.57 	 9.46 	 165.7904
964 	 34.50 	 10.98 	 165.8742
965 	 36.12 	 8.78 	 165.8742
966 	 38.27 	 8.76 	 165.9581
967 	 40.97 	 9.98 	 166.0001
968 	 7.55 	 8.72 	 166.5873
969 	 10.24 	 8.52 	 166.5873
970 	 11.86 	 8.29 	 166.6292
971 	 14.02 	 8.81 	 166.6712
972 	 40.43 	 8.05 	 166.0420
973 	 44.20 	 10.24 	 166.0420
974 	 47.44 	 7.65 	 166.0840
975 	 52.83 	 8.15 	 166.0840
976 	 57.14 	 8.04 	 166.1678
977 	 59.83 	 8.69 	 166.2937
978 	 63.61 	 8.04 	 166.2517
979 	 67.38 	 8.09 	 166.3356
980 	 69.54 	 7.51 	 166.3776
981 	 74.93 	 7.01 	 166.5034
982 	 74.93 	 7.71 	 166.6292
983 	 79.24 	 7.60 	 166.5034
984 	 79.78 	 7.08 	 166.6712
985 	 100.26 	 8.07 	 166.9962
986 	 103.50 	 7.03 	 167.0486
987 	 25.87 	 7.13 	 166.8284
988 	 86.25 	 7.01 	 166.9123
989 	 5.39 	 8.87 	 167.8875
990 	 11.32 	 7.07 	 170.0266
991 	 7.01 	 7.01 	 170.0685
992 	 16.17 	 7.00 	 170.2363
993 	 29.11 	 7.04 	 171.4946
994 	 5.93 	 7.89 	 173.9692
995 	 9.16 	 7.75 	 176.6117
996 	 9.70 	 7.61 	 176.4019
997 	 10.24 	 7.22 	 175.8567
998 	 10.24 	 7.16 	 176.1922
999 	 9.70 	 8.89 	 177.4820
1000 	 10.24 	 7.03 	 177.3666
1001 	 10.24 	 8.11 	 177.4925
1002 	 13.48 	 8.48 	 177.4086
1003 	 16.17 	 8.07 	 177.4505
1004 	 26.95 	 7.94 	 177.7861
1005 	 29.65 	 7.44 	 177.7441
1006 	 37.73 	 7.39 	 177.9958
1007 	 40.97 	 7.19 	 178.0377
1008 	 43.12 	 7.48 	 178.0797
1009 	 34.50 	 7.10 	 177.9014
1010 	 70.08 	 7.31 	 178.4886
1011 	 75.47 	 7.13 	 178.5725
1012 	 82.47 	 7.54 	 178.7088
1013 	 4.31 	 7.55 	 178.4886
1014 	 52.83 	 7.51 	 178.2369
1015 	 4.31 	 9.88 	 181.8545
1016 	 7.01 	 10.64 	 181.8965
1017 	 9.16 	 11.08 	 181.8965
1018 	 11.32 	 11.28 	 181.9804
1019 	 14.02 	 10.16 	 182.0223
1020 	 17.25 	 11.47 	 182.0642
1021 	 20.48 	 10.16 	 182.1062
1022 	 24.80 	 8.46 	 181.8965
1023 	 23.18 	 9.53 	 182.1901
1024 	 25.34 	 8.61 	 182.2320
1025 	 26.95 	 8.50 	 182.2320
1026 	 29.65 	 8.80 	 182.3159
1027 	 31.80 	 7.71 	 182.3159
1028 	 37.19 	 8.88 	 182.3998
1029 	 44.20 	 7.02 	 182.5676
1030 	 46.90 	 8.00 	 182.6095
1031 	 75.47 	 7.74 	 182.9975
1032 	 25.87 	 7.03 	 184.1719
1033 	 109.97 	 7.06 	 183.6686
1034 	 4.85 	 8.45 	 186.5102
1035 	 4.85 	 7.98 	 186.8038
1036 	 7.01 	 7.30 	 186.5102
1037 	 8.62 	 7.46 	 186.5522
1038 	 8.62 	 8.59 	 186.8877
1039 	 10.78 	 7.38 	 186.5941
1040 	 21.56 	 7.92 	 186.8562
1041 	 23.18 	 8.06 	 186.8877
1042 	 32.34 	 7.65 	 186.8562
1043 	 30.19 	 7.46 	 186.9296
1044 	 33.42 	 7.29 	 186.9611
1045 	 40.97 	 7.06 	 187.1289
1046 	 8.62 	 9.42 	 188.6388
1047 	 9.16 	 8.46 	 188.6913
1048 	 10.78 	 7.36 	 188.6913
1049 	 14.55 	 7.09 	 188.7751
1050 	 16.17 	 7.79 	 188.8171
1051 	 5.93 	 7.04 	 189.3623
1052 	 20.48 	 7.62 	 189.5616
1053 	 429.08 	 7.69 	 189.2051
1054 	 472.21 	 7.01 	 189.8761
1055 	 5.39 	 7.81 	 191.4595
1056 	 508.86 	 7.00 	 190.5472
1057 	 523.96 	 7.18 	 190.7150
1058 	 4.85 	 7.56 	 192.2145
1059 	 5.39 	 7.51 	 191.7426
1060 	 15.63 	 7.07 	 191.9209
1061 	 16.17 	 7.76 	 192.3822
1062 	 21.56 	 7.15 	 192.5081
1063 	 5.39 	 11.07 	 194.3955
1064 	 6.47 	 7.30 	 195.1924
1065 	 7.55 	 8.85 	 194.3955
1066 	 10.78 	 8.79 	 194.4270
1067 	 11.86 	 8.48 	 194.4794
1068 	 19.41 	 9.78 	 194.5738
1069 	 19.41 	 10.38 	 194.5633
1070 	 30.19 	 7.06 	 194.4374
1071 	 33.96 	 7.85 	 194.8988
1072 	 48.51 	 7.57 	 195.0142
1073 	 4.31 	 7.65 	 196.8282
1074 	 5.39 	 9.27 	 196.5241
1075 	 8.62 	 7.05 	 196.1571
1076 	 9.70 	 9.64 	 196.5765
1077 	 12.94 	 8.23 	 196.7024
1078 	 14.55 	 7.16 	 196.2410
1079 	 14.55 	 7.84 	 196.7024
1080 	 18.87 	 8.17 	 196.8282
1081 	 5.39 	 8.27 	 197.5307
1082 	 8.09 	 8.46 	 197.6251
1083 	 9.70 	 7.92 	 196.9121
1084 	 29.11 	 9.83 	 196.9435
1085 	 33.42 	 7.78 	 196.9435
1086 	 36.12 	 7.41 	 197.1218
1087 	 7.55 	 8.87 	 198.9568
1088 	 12.94 	 7.80 	 199.0407
1089 	 17.79 	 7.28 	 199.1351
1090 	 24.80 	 7.85 	 199.2085
1091 	 5.93 	 8.47 	 200.8547
1092 	 9.70 	 8.08 	 200.8967
1093 	 4.85 	 7.37 	 201.5258
1094 	 14.02 	 7.22 	 201.0225
1095 	 46.90 	 7.20 	 201.6516
1096 	 7.55 	 7.87 	 203.3294
1097 	 9.16 	 7.34 	 203.0777
1098 	 12.40 	 7.50 	 203.4133
1099 	 21.02 	 7.13 	 203.2874
1100 	 5.39 	 9.06 	 204.3360
1101 	 7.01 	 9.46 	 204.2941
1102 	 11.86 	 12.31 	 204.5038
1103 	 19.41 	 9.29 	 204.5772
1104 	 17.79 	 8.18 	 204.5877
1105 	 19.41 	 8.88 	 204.5877
1106 	 21.56 	 8.44 	 204.6296
1107 	 24.80 	 9.84 	 204.6611
1108 	 29.65 	 8.06 	 204.7974
1109 	 31.80 	 8.47 	 204.7974
1110 	 37.73 	 7.27 	 204.9232
1111 	 4.85 	 9.27 	 205.0910
1112 	 7.01 	 8.91 	 205.8460
1113 	 7.01 	 8.36 	 205.1329
1114 	 9.16 	 8.21 	 205.9298
1115 	 12.40 	 7.05 	 205.8040
1116 	 12.94 	 8.15 	 205.2168
1117 	 16.17 	 7.61 	 205.3007
1118 	 40.43 	 7.52 	 204.9651
1119 	 43.12 	 7.11 	 204.9651
1120 	 51.75 	 8.03 	 205.0805
1121 	 55.52 	 7.09 	 205.2588
1122 	 64.69 	 8.25 	 205.3112
1123 	 47.44 	 7.08 	 204.9127
1124 	 49.59 	 7.08 	 206.0871
1125 	 106.73 	 7.03 	 205.9194
1126 	 122.90 	 7.15 	 206.4227
1127 	 25.87 	 7.10 	 206.1500
1128 	 4.85 	 10.91 	 208.8659
1129 	 7.55 	 12.26 	 208.8659
1130 	 9.16 	 11.43 	 208.9078
1131 	 286.77 	 7.84 	 208.6666
1132 	 13.48 	 9.50 	 209.0336
1133 	 16.17 	 9.03 	 209.0756
1134 	 17.79 	 9.21 	 209.0756
1135 	 21.56 	 10.55 	 209.2014
1136 	 25.34 	 9.14 	 209.2433
1137 	 28.03 	 9.48 	 209.3272
1138 	 29.65 	 8.14 	 209.3272
1139 	 31.26 	 8.54 	 209.3692
1140 	 33.42 	 8.02 	 209.4111
1141 	 39.35 	 8.17 	 209.4950
1142 	 42.58 	 7.94 	 209.5369
1143 	 44.20 	 7.36 	 209.5369
1144 	 47.98 	 7.60 	 209.6208
1145 	 63.61 	 7.48 	 209.9983
1146 	 299.71 	 7.28 	 208.8344
1147 	 5.39 	 8.09 	 210.8372
1148 	 7.01 	 7.71 	 210.8372
1149 	 16.71 	 7.08 	 211.0469
1150 	 79.78 	 7.03 	 210.1766
1151 	 5.39 	 8.54 	 213.3013
1152 	 7.01 	 9.86 	 213.3118
1153 	 9.16 	 7.52 	 213.3538
1154 	 11.86 	 7.44 	 213.3957
1155 	 15.09 	 7.06 	 213.4691
1156 	 19.41 	 7.39 	 213.5530
1157 	 5.39 	 8.14 	 214.7379
1158 	 10.24 	 7.18 	 214.8218
1159 	 12.40 	 7.04 	 214.8637
1160 	 18.33 	 7.32 	 215.0315
1161 	 4.31 	 9.70 	 218.8483
1162 	 4.85 	 11.79 	 219.3936
1163 	 5.93 	 10.36 	 218.8902
1164 	 6.47 	 12.15 	 219.4355
1165 	 7.55 	 8.90 	 218.9322
1166 	 8.62 	 11.74 	 219.4774
1167 	 10.24 	 10.56 	 218.9741
1168 	 11.32 	 10.16 	 219.4774
1169 	 13.48 	 9.94 	 218.9741
1170 	 14.02 	 10.09 	 219.5613
1171 	 17.25 	 8.77 	 219.6033
1172 	 16.71 	 8.71 	 219.1000
1173 	 20.48 	 9.80 	 219.1419
1174 	 19.41 	 8.95 	 219.6872
1175 	 22.10 	 8.85 	 219.1838
1176 	 23.72 	 8.40 	 219.1838
1177 	 26.41 	 9.70 	 219.2258
1178 	 29.65 	 8.83 	 219.3097
1179 	 31.26 	 7.78 	 219.3097
1180 	 33.42 	 9.02 	 219.3516
1181 	 39.89 	 7.92 	 219.4774
1182 	 42.58 	 7.64 	 219.6033
1183 	 44.74 	 8.43 	 219.5613
1184 	 47.44 	 8.09 	 219.5613
1185 	 49.59 	 7.83 	 219.6452
1186 	 5.39 	 10.98 	 220.3478
1187 	 5.39 	 11.63 	 220.9350
1188 	 9.70 	 11.50 	 220.5155
1189 	 10.24 	 11.50 	 220.5260
1190 	 10.78 	 8.94 	 221.0293
1191 	 12.94 	 7.93 	 221.0293
1192 	 15.09 	 10.15 	 220.4316
1193 	 15.09 	 8.55 	 220.4841
1194 	 19.41 	 10.17 	 220.5155
1195 	 24.26 	 8.86 	 219.7291
1196 	 24.80 	 9.72 	 220.7672
1197 	 24.80 	 7.83 	 220.5680
1198 	 24.80 	 9.66 	 220.7357
1199 	 25.87 	 9.81 	 219.7710
1200 	 26.95 	 7.90 	 220.4002
1201 	 29.65 	 8.12 	 219.8130
1202 	 29.11 	 12.32 	 220.7672
1203 	 32.34 	 7.28 	 219.8549
1204 	 37.73 	 10.93 	 220.9350
1205 	 35.04 	 7.22 	 219.8549
1206 	 37.73 	 8.81 	 220.9874
1207 	 40.97 	 8.03 	 221.0293
1208 	 53.37 	 7.61 	 220.2744
1209 	 59.30 	 7.04 	 220.4002
1210 	 61.99 	 7.66 	 220.4421
1211 	 64.69 	 7.21 	 220.4421
1212 	 65.23 	 8.69 	 219.9808
1213 	 69.54 	 7.76 	 220.6518
1214 	 69.00 	 7.36 	 220.4002
1215 	 79.78 	 7.08 	 220.6099
1216 	 85.17 	 7.22 	 220.9874
1217 	 87.33 	 7.35 	 220.9035
1218 	 89.48 	 7.25 	 220.4841
1219 	 92.72 	 7.95 	 220.9454
1220 	 94.33 	 7.89 	 220.9454
1221 	 98.11 	 7.21 	 220.9454
1222 	 113.20 	 7.23 	 220.9454
1223 	 115.36 	 7.35 	 220.9874
1224 	 118.59 	 7.82 	 221.0293
1225 	 7.55 	 10.46 	 221.9416
1226 	 8.09 	 8.44 	 221.9940
1227 	 9.70 	 8.27 	 221.9940
1228 	 14.02 	 8.99 	 222.0255
1229 	 14.55 	 7.72 	 222.1199
1230 	 18.33 	 8.34 	 222.1094
1231 	 17.79 	 7.02 	 222.1199
1232 	 26.95 	 9.29 	 222.2771
1233 	 45.28 	 9.95 	 221.1027
1234 	 47.44 	 7.75 	 221.0713
1235 	 51.75 	 8.95 	 221.1866
1236 	 55.52 	 7.15 	 221.2390
1237 	 17.25 	 8.32 	 221.1866
1238 	 23.72 	 8.21 	 221.1866
1239 	 22.64 	 8.51 	 222.1933
1240 	 30.19 	 7.69 	 222.2771
1241 	 31.26 	 7.46 	 221.3544
1242 	 36.66 	 7.65 	 221.4383
1243 	 39.89 	 7.72 	 221.4383
1244 	 49.59 	 8.03 	 221.6061
1245 	 54.98 	 8.73 	 221.7738
1246 	 58.22 	 9.01 	 221.8577
1247 	 63.61 	 7.56 	 221.3544
1248 	 63.61 	 7.73 	 221.8577
1249 	 66.84 	 7.27 	 221.4383
1250 	 66.84 	 7.78 	 221.9416
1251 	 72.23 	 7.61 	 221.4383
1252 	 74.39 	 7.32 	 222.0255
1253 	 77.62 	 8.13 	 221.5222
1254 	 79.78 	 7.44 	 221.8577
1255 	 87.33 	 7.68 	 222.0255
1256 	 92.72 	 7.92 	 221.8577
1257 	 97.03 	 7.03 	 221.9416
1258 	 100.26 	 7.54 	 222.0255
1259 	 113.20 	 8.14 	 221.9416
1260 	 10.24 	 8.15 	 222.9587
1261 	 5.39 	 7.56 	 222.8643
1262 	 21.56 	 7.03 	 223.1160
1263 	 34.50 	 8.24 	 222.4449
1264 	 38.81 	 7.67 	 222.4449
1265 	 47.44 	 7.67 	 222.6127
1266 	 50.67 	 8.44 	 222.6966
1267 	 58.22 	 7.94 	 222.7595
1268 	 63.61 	 7.91 	 222.9482
1269 	 76.55 	 7.11 	 223.1999
1270 	 88.40 	 7.74 	 223.2628
1271 	 88.40 	 7.36 	 223.2838
1272 	 92.72 	 7.08 	 222.3610
1273 	 100.26 	 7.38 	 222.4449
1274 	 111.04 	 7.34 	 222.5288
1275 	 119.67 	 7.11 	 222.6127
1276 	 122.90 	 7.03 	 222.6127
1277 	 130.45 	 7.60 	 222.6127
1278 	 134.76 	 8.08 	 222.6966
1279 	 144.47 	 7.00 	 222.7805
1280 	 149.86 	 7.10 	 222.9482
1281 	 153.09 	 7.43 	 222.9482
1282 	 164.95 	 7.36 	 223.1999
1283 	 194.06 	 7.51 	 223.1160
1284 	 107.81 	 7.33 	 223.7661
1285 	 5.39 	 8.02 	 225.0978
1286 	 8.62 	 7.96 	 225.1817
1287 	 10.24 	 8.03 	 225.2236
1288 	 17.25 	 8.79 	 225.2761
1289 	 15.63 	 7.61 	 225.3495
1290 	 29.11 	 7.41 	 225.5172
1291 	 39.89 	 7.06 	 225.6850
1292 	 4.31 	 8.07 	 226.5658
1293 	 6.47 	 7.59 	 226.6497
1294 	 4.31 	 7.06 	 229.3760
1295 	 7.55 	 7.47 	 229.4179
1296 	 11.32 	 7.77 	 229.5018
1297 	 15.09 	 7.57 	 229.5857
1298 	 18.33 	 7.35 	 229.6696
1299 	 38.81 	 7.15 	 230.0471
1300 	 43.66 	 7.01 	 230.0471
1301 	 7.01 	 7.17 	 230.4665
1302 	 12.40 	 7.21 	 230.4665
1303 	 24.26 	 8.13 	 230.7182
1304 	 28.57 	 8.37 	 230.7601
1305 	 5.39 	 8.37 	 232.6895
1306 	 8.62 	 7.76 	 232.7314
1307 	 19.41 	 7.05 	 232.9412
1308 	 23.72 	 7.04 	 233.0146
1309 	 5.39 	 7.61 	 235.1641
1310 	 4.31 	 8.36 	 234.4406
1311 	 8.09 	 7.54 	 235.2480
1312 	 13.48 	 7.72 	 235.2900
1313 	 14.02 	 7.80 	 234.7028
1314 	 15.63 	 8.11 	 235.6675
1315 	 17.79 	 8.16 	 234.7447
1316 	 18.33 	 7.88 	 235.3634
1317 	 19.94 	 7.57 	 234.7447
1318 	 20.48 	 7.54 	 235.4577
1319 	 21.56 	 9.38 	 234.7867
1320 	 26.95 	 7.41 	 234.8705
1321 	 67.38 	 7.27 	 235.7513
1322 	 8.62 	 7.53 	 235.8457
1323 	 11.86 	 7.93 	 236.0030
1324 	 64.69 	 7.04 	 236.4539
1325 	 100.80 	 7.51 	 236.1708
1326 	 28.03 	 7.31 	 235.8457
1327 	 129.37 	 8.00 	 237.5234
1328 	 25.87 	 7.47 	 237.8800
1329 	 4.31 	 9.75 	 242.0847
1330 	 5.93 	 7.17 	 241.7073
1331 	 5.93 	 7.38 	 242.1267
1332 	 7.55 	 7.47 	 242.1686
1333 	 8.62 	 8.05 	 241.7492
1334 	 4.85 	 7.03 	 243.0075
1335 	 4.85 	 10.87 	 244.4755
1336 	 7.01 	 9.88 	 244.4755
1337 	 11.86 	 10.37 	 244.5070
1338 	 9.70 	 9.81 	 244.5594
1339 	 11.32 	 10.95 	 244.5174
1340 	 14.02 	 8.82 	 244.6013
1341 	 16.71 	 8.43 	 244.6433
1342 	 21.56 	 9.76 	 244.6747
1343 	 25.87 	 8.79 	 244.7586
1344 	 42.05 	 7.80 	 245.0942
1345 	 24.80 	 7.41 	 244.5070
1346 	 32.34 	 8.24 	 244.8425
1347 	 46.36 	 7.58 	 245.0942
1348 	 52.83 	 7.01 	 245.0942
1349 	 4.31 	 7.35 	 246.0169
1350 	 4.31 	 10.77 	 246.8243
1351 	 4.85 	 7.57 	 247.2437
1352 	 7.01 	 8.72 	 246.8662
1353 	 9.70 	 9.25 	 246.9082
1354 	 12.40 	 8.84 	 246.9501
1355 	 14.02 	 9.56 	 246.9921
1356 	 14.55 	 7.79 	 246.8662
1357 	 26.95 	 8.04 	 247.1913
1358 	 9.16 	 7.59 	 248.7537
1359 	 4.31 	 10.60 	 249.8861
1360 	 5.93 	 8.27 	 249.9281
1361 	 6.47 	 9.90 	 249.3723
1362 	 7.55 	 8.16 	 249.9700
1363 	 10.24 	 9.21 	 249.4667
1364 	 11.86 	 7.74 	 250.0539
1365 	 14.55 	 8.06 	 250.1797
1366 	 16.17 	 8.13 	 249.5506
1367 	 23.72 	 7.42 	 249.6030
1368 	 24.26 	 8.03 	 249.7603
1369 	 26.95 	 7.19 	 249.7603
1370 	 24.80 	 7.05 	 250.2112
1371 	 31.26 	 7.41 	 249.8757
1372 	 44.20 	 8.19 	 250.0434
1373 	 47.44 	 7.17 	 250.1273
1374 	 58.22 	 7.02 	 250.1063
1375 	 66.84 	 7.36 	 250.4419
1376 	 86.25 	 7.19 	 251.2808
1377 	 4.85 	 7.05 	 255.5485
1378 	 4.85 	 9.79 	 255.9259
1379 	 8.09 	 9.43 	 255.9259
1380 	 17.25 	 7.36 	 256.1461
1381 	 15.09 	 7.57 	 256.0518
1382 	 17.79 	 8.99 	 256.1357
1383 	 31.26 	 7.69 	 256.4188
1384 	 5.39 	 8.38 	 258.2748
1385 	 9.16 	 7.19 	 258.3586
1386 	 25.87 	 7.10 	 258.6837
1387 	 7.55 	 7.70 	 263.4757
1388 	 12.40 	 7.24 	 263.5596
1389 	 4.85 	 8.55 	 266.3698
1390 	 5.39 	 8.76 	 265.8245
1391 	 9.16 	 11.09 	 265.9084
1392 	 9.70 	 7.69 	 266.4956
1393 	 11.86 	 10.27 	 265.9084
1394 	 17.79 	 9.12 	 266.0342
1395 	 19.94 	 7.04 	 266.0342
1396 	 11.86 	 7.89 	 266.9989
1397 	 14.02 	 7.38 	 267.0408
1398 	 6.47 	 10.63 	 269.9349
1399 	 10.78 	 9.69 	 270.0083
1400 	 15.09 	 8.16 	 270.1027
1401 	 20.48 	 8.05 	 270.2600
1402 	 21.02 	 8.06 	 270.2705
1403 	 25.87 	 8.17 	 270.2600
1404 	 28.57 	 7.20 	 270.3963
1405 	 30.19 	 7.80 	 270.3124
1406 	 38.27 	 7.21 	 270.4802
1407 	 41.51 	 7.50 	 270.5641
1408 	 43.66 	 8.13 	 270.5221
1409 	 46.90 	 7.43 	 270.6480
1410 	 62.53 	 7.91 	 270.0712
1411 	 4.31 	 11.59 	 271.0779
1412 	 7.55 	 9.73 	 271.1093
1413 	 10.78 	 10.25 	 271.1827
1414 	 14.02 	 11.03 	 271.3190
1415 	 16.17 	 10.36 	 271.4029
1416 	 17.79 	 10.56 	 271.4029
1417 	 20.48 	 7.87 	 271.1932
1418 	 21.56 	 10.11 	 271.4344
1419 	 28.03 	 8.89 	 271.5812
1420 	 26.95 	 9.68 	 271.5183
1421 	 28.03 	 7.86 	 271.6126
1422 	 31.26 	 7.73 	 271.6022
1423 	 37.73 	 7.82 	 271.6860
1424 	 57.14 	 8.26 	 270.7633
1425 	 57.68 	 7.47 	 270.7738
1426 	 77.08 	 7.12 	 271.0674
1427 	 77.08 	 7.09 	 271.2352
1428 	 83.01 	 7.38 	 271.4029
1429 	 91.64 	 8.36 	 271.4344
1430 	 100.26 	 7.93 	 271.5707
1431 	 44.20 	 7.06 	 271.9377
1432 	 48.51 	 7.62 	 271.9377
1433 	 51.75 	 7.14 	 270.8472
1434 	 71.15 	 7.21 	 271.0988
1435 	 118.59 	 7.23 	 271.7490
1436 	 50.67 	 7.16 	 273.1121
1437 	 64.69 	 8.61 	 272.0845
1438 	 63.61 	 7.86 	 272.1055
1439 	 66.84 	 8.92 	 272.1055
1440 	 71.15 	 8.42 	 272.1894
1441 	 75.47 	 7.36 	 272.2732
1442 	 81.94 	 7.84 	 272.4200
1443 	 83.01 	 7.06 	 272.5249
1444 	 90.56 	 7.23 	 272.5878
1445 	 93.79 	 7.41 	 272.8604
1446 	 103.50 	 9.02 	 272.8604
1447 	 116.43 	 7.05 	 273.0282
1448 	 154.17 	 7.03 	 272.2732
1449 	 127.22 	 7.02 	 271.9167
1450 	 138.00 	 7.24 	 273.5315
1451 	 125.06 	 7.47 	 273.2589
1452 	 5.39 	 7.17 	 277.4008
1453 	 4.85 	 8.07 	 277.6944
1454 	 9.16 	 8.20 	 277.4427
1455 	 10.78 	 7.75 	 277.8097
1456 	 10.78 	 8.83 	 277.4847
1457 	 11.86 	 7.60 	 277.8622
1458 	 12.40 	 7.47 	 277.5266
1459 	 16.17 	 8.35 	 277.6420
1460 	 16.17 	 9.06 	 277.6105
1461 	 17.79 	 7.14 	 277.6105
1462 	 19.94 	 7.44 	 277.6944
1463 	 26.41 	 9.02 	 277.7783
1464 	 26.95 	 7.78 	 278.0719
1465 	 29.11 	 8.49 	 277.8202
1466 	 30.73 	 7.89 	 277.8622
1467 	 37.73 	 8.02 	 277.8936
1468 	 4.85 	 8.13 	 279.4560
1469 	 5.39 	 8.29 	 279.8230
1470 	 7.01 	 9.47 	 279.4979
1471 	 8.62 	 8.45 	 279.8230
1472 	 8.62 	 8.96 	 279.5399
1473 	 10.24 	 7.14 	 279.5818
1474 	 11.32 	 8.26 	 279.9593
1475 	 12.94 	 7.60 	 279.5818
1476 	 21.56 	 8.77 	 279.7391
1477 	 24.80 	 7.47 	 279.7391
1478 	 25.87 	 7.19 	 279.8335
1479 	 28.03 	 7.03 	 279.8754
1480 	 40.97 	 7.39 	 280.0851
1481 	 107.27 	 7.02 	 279.3302
1482 	 31.26 	 7.39 	 279.8230
1483 	 394.58 	 7.09 	 278.6276
1484 	 513.18 	 7.20 	 279.6342
1485 	 4.85 	 7.98 	 280.6304
1486 	 7.55 	 7.81 	 280.6304
1487 	 9.70 	 7.96 	 280.6304
1488 	 18.33 	 8.69 	 280.8296
1489 	 20.48 	 9.30 	 280.1585
1490 	 21.56 	 9.29 	 280.9135
1491 	 22.10 	 7.11 	 280.8821
1492 	 28.03 	 10.05 	 280.9974
1493 	 28.57 	 7.11 	 281.2176
1494 	 61.45 	 8.57 	 280.9135
1495 	 61.45 	 7.39 	 280.9240
1496 	 16.17 	 8.91 	 280.1585
1497 	 17.25 	 7.78 	 281.0813
1498 	 25.87 	 7.25 	 280.2424
1499 	 32.34 	 8.16 	 281.0813
1500 	 37.73 	 7.75 	 280.4941
1501 	 37.73 	 8.28 	 281.0813
1502 	 46.36 	 7.05 	 280.5780
1503 	 51.75 	 7.41 	 281.2491
1504 	 58.22 	 7.35 	 280.9135
1505 	 72.23 	 7.55 	 280.9974
1506 	 73.31 	 7.17 	 280.5780
1507 	 90.56 	 7.13 	 280.8296
1508 	 99.19 	 7.99 	 281.1652
1509 	 57.14 	 8.06 	 281.5007
1510 	 60.91 	 7.19 	 281.8887
1511 	 95.95 	 7.99 	 282.4235
1512 	 106.19 	 7.96 	 282.6017
1513 	 115.36 	 7.36 	 282.6751
1514 	 48.51 	 7.61 	 281.6685
1515 	 51.75 	 7.37 	 281.7524
1516 	 64.69 	 7.41 	 281.9201
1517 	 76.55 	 7.15 	 281.9201
1518 	 78.70 	 7.36 	 281.6685
1519 	 80.86 	 7.64 	 282.0040
1520 	 86.25 	 7.06 	 282.0879
1521 	 87.33 	 7.60 	 282.4235
1522 	 122.90 	 7.72 	 281.6685
1523 	 6.47 	 7.86 	 283.9020
1524 	 8.09 	 7.50 	 283.9020
1525 	 9.70 	 8.87 	 283.1889
1526 	 9.70 	 7.83 	 283.9020
1527 	 11.32 	 8.50 	 283.1889
1528 	 12.94 	 7.70 	 284.0278
1529 	 13.48 	 7.52 	 283.2309
1530 	 125.06 	 8.08 	 282.8219
1531 	 34.50 	 7.75 	 283.5979
1532 	 135.84 	 8.66 	 282.8219
1533 	 138.00 	 8.80 	 283.0945
1534 	 144.47 	 9.39 	 282.8219
1535 	 145.54 	 7.54 	 283.2623
1536 	 147.70 	 8.15 	 282.9268
1537 	 155.25 	 8.03 	 282.9897
1538 	 156.32 	 7.33 	 283.0945
1539 	 174.65 	 7.65 	 283.4930
1540 	 175.73 	 7.24 	 283.5140
1541 	 183.28 	 8.65 	 283.6608
1542 	 184.36 	 8.26 	 283.6818
1543 	 196.21 	 7.07 	 284.0173
1544 	 202.68 	 8.53 	 283.8286
1545 	 205.92 	 7.04 	 283.9334
1546 	 51.75 	 8.37 	 283.8286
1547 	 86.25 	 7.21 	 282.8219
1548 	 159.56 	 7.20 	 283.6608
1549 	 217.78 	 7.98 	 284.6674
1550 	 230.71 	 8.10 	 284.8352
1551 	 226.40 	 8.04 	 284.8562
1552 	 231.79 	 7.91 	 284.8562
1553 	 247.96 	 9.65 	 285.1707
1554 	 28.03 	 7.60 	 284.1641
1555 	 64.69 	 7.60 	 284.1641
1556 	 181.12 	 8.33 	 283.9963
1557 	 204.84 	 7.88 	 284.3319
1558 	 236.10 	 8.19 	 285.4434
1559 	 295.40 	 7.25 	 285.3385
1560 	 4.31 	 9.44 	 287.7607
1561 	 5.93 	 7.41 	 287.7607
1562 	 9.16 	 7.31 	 287.8446
1563 	 15.63 	 7.78 	 287.9285
1564 	 20.48 	 7.48 	 287.6768
1565 	 21.02 	 8.58 	 287.9704
1566 	 23.18 	 7.25 	 287.7188
1567 	 26.41 	 7.36 	 287.8446
1568 	 353.62 	 7.56 	 287.1840
1569 	 379.49 	 7.16 	 287.6873
1570 	 388.12 	 7.19 	 287.8551
1571 	 4.31 	 9.11 	 288.8093
1572 	 6.47 	 7.70 	 288.8512
1573 	 8.09 	 8.35 	 288.8932
1574 	 11.86 	 7.19 	 289.0190
1575 	 15.63 	 7.08 	 289.0609
1576 	 19.94 	 7.03 	 289.1448
1577 	 32.34 	 7.44 	 288.1801
1578 	 36.12 	 7.49 	 288.2640
1579 	 39.35 	 8.33 	 288.3479
1580 	 43.12 	 7.84 	 288.5157
1581 	 47.98 	 8.06 	 288.5157
1582 	 76.55 	 7.39 	 288.8512
1583 	 442.02 	 7.24 	 289.1973
1584 	 4.85 	 7.45 	 290.6128
1585 	 470.05 	 7.23 	 289.8683
1586 	 4.31 	 7.88 	 292.0389
1587 	 4.85 	 8.43 	 294.8071
1588 	 7.01 	 12.33 	 293.8425
1589 	 12.94 	 11.14 	 293.9997
1590 	 14.02 	 12.34 	 294.0102
1591 	 21.56 	 8.80 	 294.1780
1592 	 23.18 	 9.06 	 294.1361
1593 	 28.03 	 10.17 	 294.2514
1594 	 28.03 	 10.50 	 294.2199
1595 	 31.26 	 10.33 	 294.3038
1596 	 35.04 	 10.09 	 294.3877
1597 	 38.27 	 9.43 	 294.3877
1598 	 40.43 	 8.78 	 294.4297
1599 	 43.12 	 8.78 	 294.4716
1600 	 45.28 	 8.78 	 294.5555
1601 	 47.44 	 8.79 	 294.5555
1602 	 51.75 	 7.34 	 294.6813
1603 	 56.60 	 7.92 	 294.8491
1604 	 17.25 	 9.34 	 294.0836
1605 	 10.78 	 8.93 	 295.0064
1606 	 10.78 	 8.99 	 294.9749
1607 	 14.02 	 8.12 	 295.0588
1608 	 16.17 	 7.54 	 295.0588
1609 	 21.02 	 7.34 	 295.1846
1610 	 61.45 	 7.01 	 294.9225
1611 	 71.15 	 7.38 	 295.0903
1612 	 43.12 	 7.27 	 295.4048
1613 	 5.93 	 8.41 	 297.9529
1614 	 9.16 	 7.15 	 298.0368
1615 	 4.31 	 8.33 	 298.8651
1616 	 8.62 	 7.49 	 298.9176
1617 	 19.41 	 8.66 	 299.0958
1618 	 4.85 	 8.15 	 301.0147
1619 	 7.01 	 9.91 	 301.0567
1620 	 7.55 	 7.69 	 300.7211
1621 	 8.62 	 7.87 	 301.0986
1622 	 10.24 	 8.08 	 300.7211
1623 	 16.17 	 8.80 	 301.2139
1624 	 12.94 	 7.99 	 300.7631
1625 	 14.55 	 8.09 	 300.7631
1626 	 16.71 	 8.18 	 301.2244
1627 	 21.56 	 8.02 	 300.9308
1628 	 28.03 	 9.64 	 301.3817
1629 	 30.19 	 7.55 	 301.0986
1630 	 41.51 	 7.11 	 301.6019
1631 	 5.39 	 7.82 	 305.3348
1632 	 6.47 	 7.48 	 305.6599
1633 	 4.85 	 8.01 	 311.6263
1634 	 8.62 	 8.45 	 311.7102
1635 	 8.62 	 7.45 	 311.8360
1636 	 9.16 	 7.62 	 311.5424
1637 	 9.16 	 7.06 	 312.1716
1638 	 19.41 	 7.54 	 311.8360
1639 	 6.47 	 7.63 	 312.3813
1640 	 9.16 	 7.09 	 312.5071
1641 	 10.78 	 8.08 	 312.4232
1642 	 16.71 	 8.01 	 312.6749
1643 	 18.33 	 7.50 	 312.6749
1644 	 29.65 	 7.18 	 312.8426
1645 	 58.22 	 7.19 	 313.0104
1646 	 4.31 	 10.92 	 315.9779
1647 	 7.55 	 8.35 	 316.0723
1648 	 9.16 	 9.42 	 316.0723
1649 	 14.02 	 9.16 	 316.1981
1650 	 18.33 	 8.83 	 316.2296
1651 	 21.56 	 8.50 	 316.3239
1652 	 22.64 	 7.24 	 316.0723
1653 	 29.11 	 8.35 	 316.1142
1654 	 32.88 	 7.08 	 316.1142
1655 	 5.39 	 9.73 	 316.3973
1656 	 8.62 	 10.25 	 316.4498
1657 	 12.94 	 7.51 	 316.4917
1658 	 26.41 	 7.49 	 316.4498
1659 	 30.19 	 8.57 	 316.4812
1660 	 30.19 	 9.78 	 316.4917
1661 	 31.80 	 7.86 	 316.4917
1662 	 40.43 	 7.35 	 316.5336
1663 	 8.62 	 9.16 	 318.9139
1664 	 8.62 	 8.45 	 318.9244
1665 	 14.02 	 7.58 	 319.0083
1666 	 8.62 	 7.42 	 317.8234
1667 	 25.87 	 12.47 	 319.2285
1668 	 25.87 	 9.85 	 319.3333
1669 	 33.42 	 9.58 	 319.3333
1670 	 30.19 	 8.64 	 319.3333
1671 	 39.89 	 7.67 	 319.4172
1672 	 43.12 	 8.75 	 319.4172
1673 	 4.31 	 7.64 	 320.6021
1674 	 8.09 	 7.16 	 321.1474
1675 	 9.70 	 7.25 	 321.1893
1676 	 8.09 	 8.19 	 322.5734
1677 	 12.40 	 7.27 	 322.6573
1678 	 4.85 	 7.01 	 324.9222
1679 	 7.01 	 7.13 	 324.9642
1680 	 9.70 	 8.63 	 325.0481
1681 	 13.48 	 8.25 	 325.0900
1682 	 21.02 	 7.39 	 325.2997
1683 	 24.80 	 7.31 	 325.2892
1684 	 28.03 	 7.20 	 325.2997
1685 	 32.34 	 7.21 	 325.3836
1686 	 17.25 	 7.91 	 325.1215
1687 	 7.01 	 9.48 	 327.0613
1688 	 14.55 	 7.77 	 327.0613
1689 	 6.47 	 10.61 	 327.1033
1690 	 9.70 	 9.38 	 327.1872
1691 	 12.94 	 10.03 	 327.2711
1692 	 14.55 	 8.04 	 327.2711
1693 	 19.94 	 9.45 	 327.3549
1694 	 21.56 	 7.48 	 327.3969
1695 	 23.18 	 7.97 	 327.3549
1696 	 30.19 	 8.77 	 327.5542
1697 	 30.19 	 7.96 	 327.5227
1698 	 34.50 	 7.46 	 327.5542
1699 	 44.20 	 7.02 	 327.7744
1700 	 60.37 	 7.08 	 327.9736
1701 	 7.01 	 7.10 	 328.9488
1702 	 8.62 	 7.16 	 328.9907
1703 	 18.33 	 8.02 	 329.1165
1704 	 6.47 	 8.44 	 330.9096
1705 	 15.09 	 11.32 	 330.9935
1706 	 11.86 	 9.57 	 330.8362
1707 	 12.94 	 9.10 	 331.0459
1708 	 16.17 	 10.05 	 331.0459
1709 	 17.79 	 9.74 	 331.0879
1710 	 27.49 	 7.51 	 331.0459
1711 	 24.80 	 8.61 	 331.2137
1712 	 30.19 	 7.98 	 331.2452
1713 	 34.50 	 7.97 	 331.3290
1714 	 34.50 	 7.69 	 331.3395
1715 	 40.97 	 7.86 	 331.4129
1716 	 5.39 	 7.78 	 332.8495
1717 	 7.01 	 8.04 	 332.8495
1718 	 19.41 	 8.52 	 333.0907
1719 	 19.94 	 7.32 	 333.1011
1720 	 7.01 	 8.24 	 334.2755
1721 	 9.70 	 7.88 	 334.3175
1722 	 21.02 	 7.86 	 334.5272
1723 	 7.55 	 7.88 	 336.7921
1724 	 12.40 	 7.03 	 336.8760
1725 	 15.63 	 7.04 	 336.9180
1726 	 4.85 	 8.42 	 338.5118
1727 	 8.62 	 10.36 	 337.8826
1728 	 10.24 	 9.53 	 337.9246
1729 	 12.40 	 7.60 	 337.9665
1730 	 16.17 	 7.75 	 338.0504
1731 	 21.56 	 7.26 	 338.8578
1732 	 27.49 	 7.54 	 338.9312
1733 	 8.62 	 7.97 	 338.5432
1734 	 23.72 	 7.95 	 338.5432
1735 	 12.94 	 8.49 	 339.6967
1736 	 65.76 	 8.83 	 339.4660
1737 	 12.94 	 9.05 	 339.7177
1738 	 30.19 	 8.19 	 340.0532
1739 	 40.97 	 7.11 	 340.0532
1740 	 10.78 	 11.21 	 340.7033
1741 	 5.39 	 8.54 	 340.7348
1742 	 7.01 	 9.23 	 340.7767
1743 	 9.70 	 8.71 	 340.8606
1744 	 12.94 	 9.94 	 340.8082
1745 	 15.09 	 8.97 	 340.9445
1746 	 23.72 	 9.71 	 341.0389
1747 	 21.56 	 7.84 	 341.1542
1748 	 26.95 	 8.88 	 341.2276
1749 	 36.66 	 8.67 	 341.3744
1750 	 44.20 	 8.48 	 341.4793
1751 	 36.66 	 7.34 	 341.3115
1752 	 53.91 	 7.57 	 341.5422
1753 	 54.98 	 7.30 	 341.6470
1754 	 60.37 	 7.12 	 340.9759
1755 	 61.45 	 7.36 	 341.7309
1756 	 86.25 	 7.81 	 341.0389
1757 	 106.73 	 7.66 	 341.3115
1758 	 114.28 	 7.26 	 341.5422
1759 	 79.78 	 7.19 	 342.0455
1760 	 86.25 	 7.79 	 342.2133
1761 	 94.87 	 7.72 	 342.2133
1762 	 71.15 	 7.60 	 341.8777
1763 	 109.97 	 7.94 	 342.3810
1764 	 6.47 	 9.86 	 344.0063
1765 	 8.62 	 7.04 	 344.0063
1766 	 10.78 	 8.09 	 344.0483
1767 	 19.94 	 7.12 	 344.2580
1768 	 5.39 	 10.14 	 344.6355
1769 	 7.01 	 8.73 	 344.6774
1770 	 9.70 	 10.65 	 344.7194
1771 	 12.40 	 7.98 	 344.7613
1772 	 14.02 	 10.16 	 344.8032
1773 	 16.71 	 7.27 	 344.8032
1774 	 19.41 	 7.10 	 344.9291
1775 	 21.02 	 8.47 	 344.8871
1776 	 4.85 	 7.98 	 345.9777
1777 	 7.01 	 8.40 	 346.0196
1778 	 10.24 	 7.11 	 346.9423
1779 	 10.24 	 7.17 	 346.0615
1780 	 12.40 	 9.29 	 346.1035
1781 	 15.09 	 9.27 	 346.1454
1782 	 7.01 	 7.13 	 347.5295
1783 	 8.62 	 7.25 	 347.5295
1784 	 6.47 	 8.60 	 348.8717
1785 	 8.09 	 8.17 	 348.9137
1786 	 9.70 	 7.10 	 348.7878
1787 	 10.78 	 8.41 	 348.9556
1788 	 14.55 	 8.24 	 348.9975
1789 	 35.04 	 7.16 	 349.3750
1790 	 20.48 	 7.66 	 349.1129
1791 	 5.39 	 9.48 	 350.2873
1792 	 8.62 	 8.67 	 350.3817
1793 	 11.32 	 7.69 	 350.4236
1794 	 14.02 	 7.61 	 350.4656
1795 	 18.87 	 7.61 	 350.5914
1796 	 35.04 	 7.32 	 350.8430
1797 	 23.72 	 7.56 	 350.6228
1798 	 26.95 	 7.54 	 350.7067
1799 	 4.31 	 9.22 	 351.6295
1800 	 5.39 	 9.35 	 351.8497
1801 	 9.70 	 9.82 	 351.7658
1802 	 10.78 	 8.75 	 351.5980
1803 	 11.32 	 8.64 	 351.7658
1804 	 15.09 	 9.18 	 351.7972
1805 	 19.41 	 8.53 	 351.7972
1806 	 19.41 	 8.56 	 351.8497
1807 	 23.72 	 9.23 	 351.9650
1808 	 34.50 	 7.47 	 352.1328
1809 	 34.50 	 7.15 	 352.1433
1810 	 43.12 	 7.02 	 352.3845
1811 	 4.31 	 18.02 	 355.2051
1812 	 4.85 	 18.47 	 354.6179
1813 	 4.85 	 19.64 	 354.9535
1814 	 7.55 	 18.56 	 354.9954
1815 	 9.70 	 20.76 	 355.0373
1816 	 11.32 	 17.99 	 354.8696
1817 	 12.40 	 19.72 	 355.0793
1818 	 13.48 	 17.96 	 354.9115
1819 	 15.09 	 16.82 	 354.7437
1820 	 15.09 	 17.65 	 354.9535
1821 	 16.71 	 16.67 	 354.9535
1822 	 18.87 	 16.76 	 354.7857
1823 	 20.48 	 15.86 	 354.8276
1824 	 23.18 	 14.83 	 354.8696
1825 	 25.87 	 13.17 	 354.9115
1826 	 28.03 	 13.45 	 354.8696
1827 	 28.57 	 13.58 	 354.9954
1828 	 30.19 	 13.57 	 354.9115
1829 	 33.96 	 13.45 	 354.9954
1830 	 37.73 	 12.65 	 355.1212
1831 	 39.89 	 13.76 	 355.0793
1832 	 43.12 	 12.77 	 355.1632
1833 	 44.74 	 13.84 	 355.1632
1834 	 46.36 	 13.15 	 355.2051
1835 	 47.98 	 12.60 	 355.2051
1836 	 49.59 	 12.75 	 355.2471
1837 	 4.31 	 16.93 	 355.2890
1838 	 4.85 	 14.82 	 355.8762
1839 	 4.85 	 15.70 	 355.4568
1840 	 4.85 	 14.51 	 355.7923
1841 	 7.01 	 14.18 	 355.8343
1842 	 10.24 	 16.90 	 355.5826
1843 	 12.40 	 16.68 	 355.4568
1844 	 16.71 	 16.22 	 355.6245
1845 	 18.33 	 15.77 	 355.6245
1846 	 19.94 	 14.94 	 355.5826
1847 	 21.02 	 10.84 	 356.5892
1848 	 25.87 	 14.64 	 355.9601
1849 	 26.95 	 9.14 	 356.5473
1850 	 28.57 	 12.76 	 355.9182
1851 	 36.66 	 12.92 	 356.1384
1852 	 34.50 	 11.91 	 356.1279
1853 	 35.58 	 10.70 	 355.4987
1854 	 35.58 	 10.81 	 355.6245
1855 	 38.27 	 11.50 	 355.5407
1856 	 38.27 	 13.12 	 356.1698
1857 	 40.97 	 12.06 	 356.1698
1858 	 42.05 	 9.17 	 355.7504
1859 	 44.20 	 12.38 	 356.2118
1860 	 45.82 	 9.29 	 355.7504
1861 	 47.44 	 10.45 	 356.2537
1862 	 53.91 	 13.50 	 355.2995
1863 	 50.13 	 10.95 	 356.2956
1864 	 53.37 	 13.51 	 355.3309
1865 	 54.44 	 9.16 	 356.3795
1866 	 54.98 	 10.03 	 355.9601
1867 	 56.60 	 9.97 	 356.4215
1868 	 57.14 	 9.79 	 356.0020
1869 	 58.22 	 12.73 	 355.4148
1870 	 58.76 	 10.09 	 356.0440
1871 	 60.91 	 9.19 	 356.5892
1872 	 61.45 	 12.85 	 355.4568
1873 	 62.53 	 9.50 	 356.1279
1874 	 65.76 	 13.13 	 355.5407
1875 	 68.46 	 12.80 	 355.5826
1876 	 69.00 	 8.83 	 356.2118
1877 	 71.15 	 12.36 	 355.6245
1878 	 72.77 	 12.53 	 355.6665
1879 	 72.77 	 7.44 	 356.2956
1880 	 81.94 	 13.19 	 355.8028
1881 	 79.78 	 7.64 	 356.3061
1882 	 76.55 	 7.10 	 356.5054
1883 	 78.16 	 12.54 	 355.7504
1884 	 78.70 	 8.51 	 356.3795
1885 	 80.32 	 8.19 	 356.4215
1886 	 82.47 	 13.08 	 355.7923
1887 	 90.56 	 14.39 	 355.8028
1888 	 85.17 	 7.96 	 356.5054
1889 	 86.79 	 12.58 	 355.8762
1890 	 87.33 	 8.07 	 356.5473
1891 	 90.02 	 13.82 	 355.9601
1892 	 90.02 	 8.94 	 356.5892
1893 	 91.64 	 11.93 	 355.9601
1894 	 93.79 	 12.87 	 356.0020
1895 	 96.49 	 13.21 	 356.0440
1896 	 98.11 	 12.90 	 356.0859
1897 	 100.80 	 7.40 	 356.5892
1898 	 102.42 	 12.12 	 356.1698
1899 	 104.04 	 12.52 	 356.1698
1900 	 106.73 	 12.21 	 356.2118
1901 	 110.51 	 12.02 	 356.2956
1902 	 113.20 	 12.62 	 356.3376
1903 	 114.82 	 12.64 	 356.3795
1904 	 118.05 	 13.00 	 356.4215
1905 	 121.29 	 12.80 	 356.4634
1906 	 123.44 	 12.22 	 356.5054
1907 	 126.68 	 13.31 	 356.5892
1908 	 128.29 	 13.54 	 356.5892
1909 	 9.70 	 14.74 	 356.2432
1910 	 11.86 	 14.29 	 355.9077
1911 	 4.31 	 13.97 	 356.4739
1912 	 30.19 	 12.39 	 356.6417
1913 	 31.26 	 11.44 	 356.7465
1914 	 38.81 	 11.73 	 356.8094
1915 	 37.73 	 8.63 	 356.9248
1916 	 40.43 	 7.19 	 356.8828
1917 	 49.59 	 10.12 	 356.9772
1918 	 44.74 	 8.41 	 356.9667
1919 	 64.69 	 8.77 	 356.6417
1920 	 73.31 	 8.13 	 356.6417
1921 	 72.77 	 7.19 	 356.7990
1922 	 93.26 	 8.96 	 356.6312
1923 	 95.95 	 7.31 	 356.6731
1924 	 100.80 	 7.88 	 356.7570
1925 	 108.89 	 7.92 	 356.7151
1926 	 107.81 	 8.68 	 356.8828
1927 	 114.82 	 7.40 	 357.0087
1928 	 122.36 	 7.20 	 357.1345
1929 	 6.47 	 10.80 	 357.1660
1930 	 6.47 	 11.69 	 357.5854
1931 	 11.86 	 14.07 	 356.9143
1932 	 12.94 	 10.73 	 357.8370
1933 	 17.25 	 9.88 	 357.4176
1934 	 20.48 	 10.79 	 357.4176
1935 	 25.87 	 9.44 	 357.1660
1936 	 29.11 	 9.61 	 357.2498
1937 	 36.66 	 9.41 	 357.6483
1938 	 51.75 	 7.88 	 357.1660
1939 	 58.22 	 9.78 	 357.1450
1940 	 135.84 	 10.19 	 356.7465
1941 	 144.47 	 14.22 	 356.8094
1942 	 144.47 	 10.70 	 356.8304
1943 	 155.25 	 14.55 	 356.9772
1944 	 159.56 	 9.90 	 357.0821
1945 	 162.79 	 10.68 	 357.1660
1946 	 172.50 	 14.38 	 357.3128
1947 	 172.50 	 10.60 	 357.3337
1948 	 175.73 	 10.45 	 357.4176
1949 	 189.75 	 14.17 	 357.6483
1950 	 191.90 	 10.47 	 357.6693
1951 	 195.14 	 9.98 	 357.7532
1952 	 199.45 	 10.58 	 357.8370
1953 	 79.78 	 7.86 	 357.4805
1954 	 81.94 	 7.91 	 356.8094
1955 	 40.97 	 11.13 	 358.6549
1956 	 71.15 	 15.49 	 358.9905
1957 	 71.15 	 7.61 	 359.0219
1958 	 73.31 	 7.14 	 359.0639
1959 	 76.55 	 8.82 	 358.9276
1960 	 79.78 	 7.34 	 359.1478
1961 	 85.71 	 7.34 	 359.2736
1962 	 6.47 	 11.84 	 357.9838
1963 	 6.47 	 7.94 	 358.8437
1964 	 15.09 	 10.18 	 358.8227
1965 	 21.56 	 12.65 	 358.1516
1966 	 17.25 	 8.13 	 358.8437
1967 	 21.56 	 9.94 	 358.1726
1968 	 28.03 	 7.86 	 358.7598
1969 	 34.50 	 8.53 	 358.4242
1970 	 42.05 	 8.55 	 358.3404
1971 	 49.59 	 10.61 	 358.4872
1972 	 58.22 	 13.57 	 358.8227
1973 	 57.14 	 9.63 	 358.7598
1974 	 60.37 	 10.12 	 358.8437
1975 	 209.15 	 13.94 	 357.9838
1976 	 213.46 	 10.50 	 358.0048
1977 	 219.93 	 10.01 	 358.1726
1978 	 228.56 	 12.96 	 358.3194
1979 	 235.03 	 12.63 	 358.3194
1980 	 236.10 	 10.07 	 358.4242
1981 	 241.49 	 9.71 	 358.5081
1982 	 252.28 	 12.80 	 358.6549
1983 	 258.74 	 11.78 	 358.8227
1984 	 269.53 	 12.00 	 358.9905
1985 	 56.06 	 9.02 	 357.9838
1986 	 64.69 	 8.47 	 358.1516
1987 	 77.62 	 8.27 	 357.8161
1988 	 90.56 	 7.18 	 357.9838
1989 	 99.19 	 7.35 	 358.1516
1990 	 114.28 	 7.44 	 358.3194
1991 	 103.50 	 15.73 	 359.4938
1992 	 102.96 	 8.44 	 359.5672
1993 	 107.81 	 8.81 	 359.5987
1994 	 118.59 	 13.68 	 359.8293
1995 	 121.83 	 9.43 	 359.8503
1996 	 122.36 	 8.14 	 359.9027
1997 	 129.37 	 13.28 	 359.9971
1998 	 126.14 	 7.52 	 359.9447
1999 	 130.45 	 8.90 	 360.0181
2000 	 138.00 	 12.91 	 360.1649
2001 	 153.09 	 13.44 	 360.3327
2002 	 147.70 	 8.20 	 360.2697
2003 	 152.01 	 8.57 	 360.3536
2004 	 158.48 	 8.25 	 360.5214
2005 	 6.47 	 9.77 	 359.4938
2006 	 6.47 	 7.88 	 360.1649
2007 	 12.94 	 10.10 	 359.4938
2008 	 23.72 	 7.92 	 359.1583
2009 	 284.62 	 11.65 	 359.1583
2010 	 293.24 	 11.35 	 359.3260
2011 	 299.71 	 11.02 	 359.4938
2012 	 314.81 	 11.65 	 359.8293
2013 	 329.90 	 10.87 	 359.9971
2014 	 338.52 	 9.60 	 360.1649
2015 	 349.30 	 9.51 	 360.3327
2016 	 23.72 	 11.55 	 361.6748
2017 	 27.49 	 7.24 	 361.8321
2018 	 33.96 	 7.49 	 361.9579
2019 	 170.34 	 13.78 	 360.6682
2020 	 181.12 	 14.99 	 360.8360
2021 	 183.28 	 9.58 	 360.9408
2022 	 196.21 	 9.93 	 361.1925
2023 	 202.68 	 13.97 	 361.1715
2024 	 209.15 	 13.75 	 361.3393
2025 	 217.78 	 14.31 	 361.5071
2026 	 228.56 	 14.39 	 361.6748
2027 	 229.64 	 11.97 	 361.6958
2028 	 235.03 	 11.05 	 361.7797
2029 	 6.47 	 8.37 	 360.5004
2030 	 12.94 	 8.41 	 360.8360
2031 	 17.25 	 9.34 	 361.6748
2032 	 21.56 	 7.82 	 360.6682
2033 	 32.34 	 7.58 	 360.8360
2034 	 38.81 	 7.08 	 360.5004
2035 	 49.59 	 7.16 	 361.1715
2036 	 60.37 	 7.56 	 361.3393
2037 	 73.31 	 7.79 	 361.5071
2038 	 362.24 	 8.97 	 360.5004
2039 	 368.71 	 9.01 	 360.6682
2040 	 377.34 	 8.80 	 360.8360
2041 	 383.80 	 8.12 	 361.0037
2042 	 398.90 	 8.47 	 361.1715
2043 	 411.83 	 8.23 	 361.3393
2044 	 420.46 	 7.60 	 361.5071
2045 	 38.81 	 11.53 	 362.0104
2046 	 45.28 	 11.38 	 362.1782
2047 	 40.97 	 7.56 	 362.0838
2048 	 44.74 	 8.16 	 362.1257
2049 	 46.36 	 8.04 	 362.1677
2050 	 52.29 	 7.47 	 362.2516
2051 	 54.44 	 7.47 	 362.2935
2052 	 56.06 	 7.09 	 362.3354
2053 	 58.22 	 7.42 	 362.3774
2054 	 64.69 	 8.80 	 362.5137
2055 	 61.45 	 7.38 	 362.4193
2056 	 63.07 	 7.82 	 362.4613
2057 	 65.76 	 7.11 	 362.5032
2058 	 73.31 	 8.52 	 362.5137
2059 	 69.54 	 7.14 	 362.5452
2060 	 76.55 	 7.10 	 362.7129
2061 	 84.09 	 8.31 	 362.6815
2062 	 243.65 	 14.12 	 362.0104
2063 	 249.04 	 11.75 	 362.0313
2064 	 256.59 	 14.01 	 362.1782
2065 	 263.06 	 11.42 	 362.2830
2066 	 15.09 	 7.23 	 362.1782
2067 	 92.72 	 8.25 	 361.8426
2068 	 92.72 	 7.20 	 362.8492
2069 	 107.81 	 7.83 	 362.1782
2070 	 122.90 	 8.40 	 362.3459
2071 	 138.00 	 7.32 	 362.6815
2072 	 146.62 	 7.81 	 362.8492
2073 	 237.18 	 13.63 	 361.8426
2074 	 278.15 	 13.38 	 362.5137
2075 	 291.09 	 12.24 	 362.6815
2076 	 299.71 	 12.27 	 362.8492
2077 	 308.34 	 12.83 	 363.0170
2078 	 433.40 	 7.93 	 361.8426
2079 	 446.33 	 7.58 	 362.0104
2080 	 454.96 	 7.72 	 362.1782
2081 	 470.05 	 7.23 	 362.3459
2082 	 478.68 	 7.28 	 362.5137
2083 	 107.81 	 7.31 	 363.1848
2084 	 118.59 	 7.44 	 363.3526
2085 	 166.03 	 8.10 	 363.1848
2086 	 172.50 	 8.17 	 363.1848
2087 	 178.96 	 7.61 	 363.3526
2088 	 187.59 	 8.98 	 363.5203
2089 	 209.15 	 7.25 	 363.8559
2090 	 217.78 	 7.49 	 364.0236
2091 	 232.87 	 7.78 	 364.3592
2092 	 321.27 	 14.02 	 363.3526
2093 	 329.90 	 13.68 	 363.3526
2094 	 336.37 	 13.69 	 363.5203
2095 	 349.30 	 12.74 	 363.6881
2096 	 357.93 	 13.02 	 363.8559
2097 	 366.55 	 13.24 	 364.0236
2098 	 383.80 	 13.73 	 364.3592
2099 	 256.59 	 8.29 	 364.6947
2100 	 271.68 	 7.59 	 364.8625
2101 	 278.15 	 7.17 	 365.0303
2102 	 398.90 	 12.71 	 364.5270
2103 	 411.83 	 13.19 	 364.8625
2104 	 431.24 	 10.83 	 365.1980
2105 	 437.71 	 9.74 	 365.1980
2106 	 446.33 	 10.48 	 365.3658
2107 	 452.80 	 10.79 	 365.5336
2108 	 463.58 	 11.40 	 365.7014
2109 	 5.93 	 7.65 	 367.2008
2110 	 11.86 	 7.32 	 366.9072
2111 	 15.09 	 7.61 	 366.9911
2112 	 22.64 	 7.30 	 367.1169
2113 	 482.99 	 11.44 	 366.0369
2114 	 493.77 	 12.02 	 366.2047
2115 	 511.02 	 10.58 	 366.5402
2116 	 521.80 	 10.41 	 366.7080
2117 	 541.21 	 9.71 	 367.0435
2118 	 4.31 	 8.79 	 367.4525
2119 	 16.17 	 7.17 	 367.3686
2120 	 19.94 	 7.72 	 367.4525
2121 	 23.18 	 7.15 	 367.4944
2122 	 25.87 	 7.81 	 367.5364
2123 	 7.55 	 9.80 	 369.9691
2124 	 9.16 	 9.26 	 369.9691
2125 	 17.79 	 7.19 	 369.8852
2126 	 21.56 	 7.29 	 369.9166
2127 	 4.31 	 9.52 	 370.3885
2128 	 7.55 	 7.11 	 370.3885
2129 	 10.78 	 7.97 	 370.5143
2130 	 11.86 	 10.02 	 370.0005
2131 	 12.40 	 7.85 	 370.5143
2132 	 14.02 	 8.34 	 370.0949
2133 	 21.56 	 8.28 	 370.3361
2134 	 23.72 	 8.38 	 370.3046
2135 	 23.72 	 7.92 	 370.2207
2136 	 25.34 	 7.30 	 370.0530
2137 	 29.11 	 8.47 	 370.4200
2138 	 32.88 	 8.34 	 370.4304
2139 	 36.66 	 8.16 	 370.5038
2140 	 36.66 	 8.21 	 370.4724
2141 	 40.43 	 7.90 	 370.5982
2142 	 44.20 	 7.63 	 370.6402
2143 	 6.47 	 9.92 	 370.0005
2144 	 18.33 	 7.15 	 370.5877
2145 	 4.31 	 8.84 	 372.1816
2146 	 4.85 	 7.87 	 371.4790
2147 	 6.47 	 7.35 	 371.4790
2148 	 7.55 	 7.36 	 372.1816
2149 	 11.32 	 8.38 	 371.6048
2150 	 12.40 	 7.58 	 372.3598
2151 	 17.79 	 7.02 	 371.6887
2152 	 19.41 	 8.29 	 372.4332
2153 	 25.87 	 7.45 	 372.1816
2154 	 6.47 	 11.87 	 373.9117
2155 	 14.02 	 9.05 	 374.0375
2156 	 16.17 	 8.25 	 374.0795
2157 	 18.33 	 7.85 	 374.1634
2158 	 21.02 	 7.97 	 374.2473
2159 	 23.72 	 7.67 	 374.2053
2160 	 26.95 	 7.99 	 374.2787
2161 	 28.57 	 7.36 	 374.2892
2162 	 43.12 	 7.13 	 374.5304
2163 	 7.01 	 11.41 	 375.6314
2164 	 8.62 	 9.91 	 375.6314
2165 	 8.62 	 8.44 	 376.5961
2166 	 10.24 	 9.59 	 375.6314
2167 	 11.86 	 7.65 	 376.6275
2168 	 12.94 	 9.76 	 375.7153
2169 	 15.63 	 9.16 	 375.7572
2170 	 16.17 	 7.96 	 376.7219
2171 	 19.41 	 9.60 	 375.8411
2172 	 25.87 	 9.42 	 375.9564
2173 	 29.11 	 8.51 	 375.9669
2174 	 32.34 	 7.46 	 376.0508
2175 	 38.81 	 7.77 	 376.3025
2176 	 41.51 	 7.09 	 376.2186
2177 	 61.45 	 7.23 	 376.6275
2178 	 51.75 	 7.33 	 376.4388
2179 	 19.94 	 7.66 	 376.7638
2180 	 30.19 	 7.35 	 376.9421
2181 	 62.53 	 7.34 	 376.7743
2182 	 69.00 	 7.58 	 376.7743
2183 	 75.47 	 8.17 	 376.7743
2184 	 86.25 	 7.01 	 376.7743
2185 	 99.19 	 7.58 	 377.2776
2186 	 7.01 	 7.94 	 378.3157
2187 	 9.70 	 9.33 	 378.3577
2188 	 14.02 	 7.72 	 378.4416
2189 	 16.17 	 8.20 	 378.4835
2190 	 29.11 	 7.75 	 378.6408
2191 	 45.28 	 7.52 	 378.9554
2192 	 5.39 	 8.66 	 380.0354
2193 	 10.24 	 7.93 	 380.1193
2194 	 7.55 	 7.15 	 380.8743
2195 	 8.09 	 7.79 	 383.3908
2196 	 9.70 	 7.89 	 383.4328
2197 	 11.86 	 7.99 	 383.4328
2198 	 4.31 	 7.65 	 385.7397
2199 	 6.47 	 7.62 	 385.5719
2200 	 7.01 	 9.96 	 384.9008
2201 	 10.24 	 8.34 	 384.9847
2202 	 11.86 	 8.97 	 385.0266
2203 	 13.48 	 7.22 	 385.6138
2204 	 15.09 	 7.85 	 385.0686
2205 	 17.25 	 7.20 	 385.0686
2206 	 18.33 	 7.41 	 385.6872
2207 	 21.56 	 7.00 	 385.1105
2208 	 4.85 	 10.95 	 387.2077
2209 	 8.62 	 9.05 	 387.2811
2210 	 9.16 	 8.09 	 387.3335
2211 	 14.02 	 8.65 	 387.3649
2212 	 13.48 	 10.55 	 387.3754
2213 	 16.71 	 8.32 	 387.4174
2214 	 18.33 	 7.01 	 387.4593
2215 	 19.94 	 7.50 	 387.4593
2216 	 22.64 	 7.91 	 387.5327
2217 	 30.19 	 8.51 	 387.7005
2218 	 4.31 	 7.05 	 387.9521
2219 	 34.50 	 7.22 	 387.7005
2220 	 4.31 	 8.10 	 388.9693
2221 	 4.85 	 8.10 	 394.2960
2222 	 4.85 	 11.90 	 395.0091
2223 	 4.85 	 7.87 	 395.3866
2224 	 6.47 	 11.64 	 395.0510
2225 	 7.01 	 9.56 	 394.7574
2226 	 8.09 	 8.11 	 394.4219
2227 	 8.09 	 10.73 	 395.0510
2228 	 11.32 	 8.25 	 394.4638
2229 	 12.40 	 12.25 	 395.1768
2230 	 12.94 	 7.45 	 394.4638
2231 	 15.09 	 7.26 	 394.5057
2232 	 15.63 	 10.23 	 395.2188
2233 	 16.17 	 9.34 	 394.8832
2234 	 17.25 	 7.47 	 394.5477
2235 	 18.87 	 10.39 	 395.3027
2236 	 19.94 	 8.92 	 394.5896
2237 	 22.64 	 9.80 	 395.3446
2238 	 25.87 	 8.30 	 394.7155
2239 	 26.95 	 9.49 	 395.4180
2240 	 30.19 	 8.12 	 394.7155
2241 	 29.65 	 8.59 	 395.1349
2242 	 29.65 	 9.40 	 395.4285
2243 	 31.80 	 10.40 	 395.4704
2244 	 33.42 	 7.40 	 395.1768
2245 	 33.96 	 7.48 	 394.8413
2246 	 35.04 	 7.96 	 395.1768
2247 	 38.81 	 8.76 	 394.9671
2248 	 43.12 	 9.54 	 395.0510
2249 	 44.74 	 7.57 	 395.0510
2250 	 45.28 	 7.44 	 395.3027
2251 	 49.05 	 7.50 	 395.1349
2252 	 58.76 	 7.94 	 395.3027
2253 	 61.99 	 7.39 	 395.2188
2254 	 80.86 	 7.45 	 395.4285
2255 	 35.58 	 9.59 	 395.5019
2256 	 40.97 	 9.62 	 395.6697
2257 	 40.43 	 8.29 	 395.6802
2258 	 44.20 	 8.35 	 395.7221
2259 	 45.82 	 7.67 	 395.7640
2260 	 47.44 	 7.18 	 395.6802
2261 	 50.13 	 7.24 	 395.8060
2262 	 52.83 	 7.18 	 395.8060
2263 	 57.14 	 7.34 	 395.9213
2264 	 60.37 	 7.59 	 395.9213
2265 	 66.30 	 7.41 	 395.9738
2266 	 71.15 	 7.66 	 396.0891
2267 	 83.01 	 7.79 	 396.5085
2268 	 88.40 	 7.64 	 396.5924
2269 	 94.87 	 7.04 	 396.4246
2270 	 103.50 	 7.58 	 396.6763
2271 	 109.97 	 7.58 	 396.6763
2272 	 7.55 	 9.82 	 397.9346
2273 	 10.78 	 9.65 	 397.9346
2274 	 11.86 	 8.12 	 397.9870
2275 	 15.09 	 9.24 	 398.0185
2276 	 15.63 	 9.92 	 398.0709
2277 	 18.87 	 8.39 	 398.0709
2278 	 21.02 	 7.61 	 398.1128
2279 	 23.18 	 8.53 	 398.1548
2280 	 29.65 	 8.42 	 398.3226
2281 	 33.42 	 7.78 	 398.3226
2282 	 38.81 	 8.31 	 398.5218
2283 	 20.48 	 7.97 	 398.1862
2284 	 23.72 	 8.69 	 398.2701
2285 	 42.05 	 7.48 	 398.4379
2286 	 5.93 	 7.64 	 405.4529
2287 	 4.85 	 10.17 	 406.5434
2288 	 8.09 	 9.80 	 406.5853
2289 	 9.16 	 7.93 	 406.9628
2290 	 10.24 	 7.74 	 406.4595
2291 	 10.24 	 9.74 	 406.6273
2292 	 11.86 	 8.76 	 406.6692
2293 	 15.09 	 7.79 	 406.7112
2294 	 17.25 	 8.25 	 406.7112
2295 	 18.87 	 7.85 	 406.7112
2296 	 24.80 	 8.21 	 406.8265
2297 	 25.87 	 8.35 	 406.9628
2298 	 26.41 	 7.11 	 406.5434
2299 	 30.19 	 9.15 	 406.9943
2300 	 30.73 	 10.54 	 406.9628
2301 	 31.26 	 7.06 	 406.5015
2302 	 33.96 	 9.15 	 407.0048
2303 	 37.73 	 7.95 	 406.9943
2304 	 38.27 	 8.42 	 407.0048
2305 	 42.05 	 7.74 	 407.1725
2306 	 47.44 	 7.33 	 407.2145
2307 	 52.83 	 7.06 	 407.3298
2308 	 6.47 	 7.83 	 407.9170
2309 	 9.70 	 7.90 	 408.0009
2310 	 10.24 	 7.32 	 407.9695
